1 1
 399 61 30 278 42 869 90
 0 316 6
 944 703 67 659 34
 1 776 4 822 100 534 25 55 41
 393 342 84
 2 987 68
 3
 387
 4 214 99 922 86 159 64 574 27
 948 520 40 29 74 117 79 657 65
 5 382 24
 397 114 49 539 47 447 72
 6 550 86
 7 289 96 743 3
 407 787 14 457 84
 8 35 95 932 52
 952 375 9
 9 985 62 974 38
 401
 10 219 67
 11 97 46 812 63 446 74
 395 675 91 562 62
 12 860 46 754 99
 956
 13 568 92 556 10 177 57
 405 337 30 299 77
 14 159 64 291 4 615 94
 15 541 20 997 37 536 29
 415 471 12 642 65 945 84
 16 592 46 61 54
 896 867 19 45 25 276 44
 17 612 48 403 98 909 61 362 2
 409 600 96
 18
 19 884 88
 403 495 26
 20 704 24
 900 866 1
 21
 413 410 38 249 97 788 5 207 54
 22 144 47 164 70
 23
 487 386 67 678 23 23 17
 24 841 44
 904
 25 864 25
 481 900 84
 26
 27 445 87
 411 32 62 904 75
 28 208 36 899 54
 908 463 69 165 90 590 72
 29
 485 578 53
 30
 31
 431
 32
 848 340 72
 33
 728 388 4 284 36 103 12
 425 976 40
 34 434 67
 35 346 46 356 8 758 14 536 85
 419 224 45 367 34 737 22 990 89 517 2
 36 176 28
 852
 37
 732 106 10 937 73 152 82
 429 315 77 9 33 485 61
 38 400 85
 39 918 20 254 67
 439 917 21 434 39
 40 555 19 779 12 620 63 773 36 9 68
 856 475 47 448 72
 41 928 17
 433 78 64 474 99
 42 801 2
 43 620 80 183 13 431 79 838 52
 427 603 57 711 21 79 83 203 50
 44 177 24
 860 979 86 900 77
 45
 437 349 51 16 38 983 68
 46
 47 586 34 351 37 572 39 815 37
 447 351 50 465 68
 48 524 79 148 78 141 86
 928 729 84 970 86
 49 399 62 589 51 381 45
 441 816 14 484 23
 50 743 28 664 68 831 61
 51 742 93 41 59 737 31 396 18
 435 982 11
 52 409 26
 932 608 63 146 58 676 83 334 63 431 18
 53 837 23 48 5 993 20 121 89 645 51 736 4
 445 882 69 674 74
 54 493 86
 55 199 20 105 100 830 93
 391 312 15
 56 67 20 7 50
 936 893 59
 57 129 100 52 13
 385 408 38
 58 206 37 917 100 776 11 31 100 237 13
 59 806 33
 443
 60 856 25 545 16 581 96
 940 281 19 524 72 613 53 551 7
 61
 389 517 2 877 97 718 69 688 80
 62 709 67 78 82
 63 32 57
 463 862 97 361 60 336 73
 64 464 95 561 22 958 60 765 88 614 40
 65
 457 720 57 601 26
 66 464 30 563 55 132 51
 67 325 33 684 7
 451 757 32
 68 319 68
 69 977 16 16 15 401 49 424 48 129 69
 461 997 74 822 64 449 1 592 42 466 25 185 43
 70 601 52 689 70 630 68 566 64 578 82 918 99 836 92
 71 556 49 185 28
 471 498 28 521 63
 72 108 32
 73 957 60 813 44
 465 37 77 197 34
 74 913 7 461 58
 75
 459 524 22 637 40
 76 914 67 269 81
 77 377 12
 469 743 63
 78 488 40 319 79
 79 96 71
 479
 801 878 24 740 21 919 63 712 13 106 43
 80 433 38
 960 214 34 122 73
 81 467 69
 473 944 52
 82
 83
 467 69 24 445 93
 805
 84 718 15 201 72
 964 982 74 81 45
 85 112 1
 477
 86 930 48 307 29
 87 433 52
 809
 88 569 90 450 76 575 19 670 71 979 45 982 31
 968 700 36 805 69 781 6
 89
 90 717 75 165 87 221 63
 91 154 81 153 36 416 48
 475 259 69 709 13 673 70 424 2
 813 335 46 453 79 745 90 948 15
 92 309 10
 972 989 91
 93 55 36
 94 358 42 759 39 317 30
 95 980 54 550 50
 495 635 9 951 78 174 68
 96 38 9
 912
 97 966 20 507 75 641 34
 489
 98 530 87
 99 930 19 752 70 637 30 952 81 323 47
 483 873 72 762 3 781 100 103 15
 100 507 86 339 26
 916
 101 124 92 315 17
 493 114 12 359 69
 102 312 81 964 22
 103 295 20 122 48 667 84
 503 737 3
 104 261 64 612 78
 920
 105 450 41 991 95
 497 611 40 232 8
 106 291 14 304 67
 107 534 10
 491 10 89 497 16
 108
 924 455 48 643 13
 109 397 33 882 83
 501 834 67 550 49 189 38
 110
 111 725 32 703 70
 511 567 43 263 79 833 84 867 44
 112 278 20 651 85 436 60
 992 529 31
 113 742 34
 505 808 46 206 99 260 56
 114 675 44 402 38 661 79 475 96
 115 628 53
 499 33 63 928 48 354 38
 116 110 3 601 26
 996 898 57 380 87
 117 204 43 636 53
 509 836 55 676 28 542 59
 118
 119 530 16 262 24 154 78 505 11 854 27
 455 528 58 904 50 779 68 924 86 918 43
 120 659 94 980 11 917 60 30 19
 121 76 19 873 97
 449 554 40
 122 868 69 716 60
 123 483 89 16 85 78 88
 507 487 55 762 11
 124 272 69 300 96
 125 311 16
 453 661 5
 126 958 1
 127 209 18
 785 157 21 957 88 144 5
 128 606 66 131 24
 314 624 83 885 48
 129
 130 410 86 599 52 557 47
 260 473 13 42 35 835 68 535 56 1 50
 131 296 15 900 87 45 9 515 46 631 31
 789 940 77 909 35
 132 603 68 340 67
 318 82 87 290 7 182 74 987 42 745 4 5 89 710 34
 133
 134 122 70
 312 962 15
 135 3 95 896 69 173 97
 793 714 44 705 50 371 72 149 44
 136 570 55 396 32
 258
 137 617 80 191 96
 138
 268 772 75 643 26
 139 331 5 289 35 131 68 176 6
 797 569 44 537 15 100 63
 140 797 92
 262 157 99
 141 772 69
 142 336 89 117 10 257 80
 256
 143 24 32 685 38
 865
 144 784 65 675 55 795 96
 266 204 90 545 56
 145 321 91 758 59 193 73
 146 321 77 286 32 316 28
 276 908 86 812 71
 147 761 4
 869 84 34 638 51 919 45
 148 597 82
 270 578 7 424 42 721 40 845 6
 149 420 94 351 24 506 99
 150 365 96
 264 83 1 5 3 836 72 185 32
 151 921 98 459 25
 873 652 79 324 94 597 8
 152 646 3
 274
 153
 154 286 45 433 14 983 1 488 57
 284 463 87 516 88
 155 704 31 93 92
 877
 156 984 25
 278 613 57
 157
 158 855 20 968 47
 272
 159 194 31 466 36
 817 775 70 757 99 891 47
 160 973 16 707 57 912 23
 976 972 74
 161 307 45 561 50
 162 261 44 28 19
 292 480 40
 163 738 91 40 13
 821 514 78 521 82 992 54
 164 776 98 412 55
 980 544 74 744 9 115 16
 165 394 83 204 43 718 97 738 47
 166 772 78 382 5
 167 14 47
 825 725 22
 168 289 91 720 23 126 60
 290 525 81 22 30 86 31 819 23
 984 903 76 685 96 453 96
 169
 170 84 93 293 83 902 83 120 61
 300 242 19 156 95 554 47
 171 116 42
 829 199 23 14 81
 172 449 32 419 65 695 24 127 94
 294 541 81 681 34 869 1 919 43
 988 412 7 179 59
 173 401 16 581 23
 174 818 87 71 45 588 39 886 56
 288 418 32
 175 417 71 749 30 662 42 191 45 56 8
 769 826 3 162 46
 176 951 88 906 14 88 22
 298 80 3 699 2
 177 942 58
 178 379 86
 308 283 80 352 33 55 98
 179
 773 319 46
 180 175 26 900 71 340 73
 302 922 45 550 32 799 71
 181 265 89
 182 472 74 163 71
 296 850 66 979 48 190 87 632 29 252 97 973 39
 183 160 53 369 19
 777 47 92
 184 618 93 718 4 895 52
 306 480 47 232 11
 185
 186 577 17 986 40 816 77 227 52 892 51
 316 578 15
 187 779 47 605 2
 781 267 64 29 95 623 7 65 75 793 72
 188 331 83
 310 638 94 581 76
 189 530 70 197 15 705 87 127 51 346 32
 190 761 85 852 100 977 22
 304 803 50 892 92
 191 51 34 110 41
 849
 192 460 50 777 68 347 32 996 46
 378
 193 641 70 557 59 751 32
 194
 324 58 89
 195 879 54 289 37 775 39 146 49 828 56 342 99 990 40
 853 952 83 434 43 555 10 293 58
 196 268 96 85 96 353 65
 382 651 32
 197 154 59 600 57 100 15 291 38
 198 865 89
 376 581 4 595 23
 199
 857 126 40 158 69 51 98 906 17
 200 155 31 487 5 38 4
 322 503 92
 201 872 55
 202 519 44 468 7 123 20 876 79
 332
 203 87 27 545 97 408 50
 861 213 51
 204 518 40
 326 168 2 423 88 591 37
 205 529 80 973 45
 206
 320 223 1 364 62 184 17 146 28
 207 534 73 811 5
 929 648 99
 208 647 57
 330
 209 981 22
 210 509 47
 549 429 42 509 67 710 16
 340
 211 199 77 591 45
 933 442 58
 212 272 57 235 94
 334 371 23 9 47 179 62 763 23
 213 887 40 848 77 92 44
 214 594 72 967 12 763 56
 328 643 78 289 88
 215 115 57 197 96
 937 565 6 364 11 271 38 432 11
 216 184 38 901 24
 338 49 60 349 91 859 28
 217 218 59 694 91 237 39 368 10 706 96
 218
 557
 348 247 80
 219 585 41 557 30
 941 583 80
 220 903 26 888 16 445 71
 342 727 19 668 31 714 10
 221 218 7 491 32
 222 133 5 320 43
 545 125 28 306 78
 336 312 39 480 32
 223 528 19 998 94
 881 937 40 848 76 442 36
 224 38 66 813 98 100 17
 282 743 72
 225 789 55
 226 275 99 301 2 652 62 476 87
 356 406 52 888 27
 227 205 72 627 28 213 94 370 56 241 21
 885 718 49 530 52 958 1 824 81 256 62
 228 268 13 880 18 801 39 18 53
 286 280 96 119 100 121 62
 229 263 92 411 67
 230 15 77
 280
 231 752 53
 889 121 34 386 44
 232 142 96 110 34 100 35 510 17
 354 101 21 916 50
 233 5 99 200 29 665 41
 234 418 55 149 87
 364
 235 288 13
 893 388 91 629 42
 236 756 49
 358 47 14 216 69
 237 6 9 367 72
 238 219 93
 352 819 59 929 6
 239 141 87
 833 117 83 573 26
 240 398 82 950 93
 362 988 7 370 16
 241 95 8
 242 347 92
 372 272 63
 243 356 81 739 82
 837 338 12 750 40 886 36
 244 702 29 123 25
 366 170 81
 245 226 28 369 8 266 2 422 3
 246 49 77
 360 846 73
 247 703 95 339 35
 841 514 49
 248 271 80 232 83 291 16 417 17 763 98
 370
 249 749 49 84 31
 250 983 79
 380 45 17
 251 698 91 240 74
 845 848 2
 252 76 48
 374 646 88 67 62
 253 311 99 875 12 285 76 624 32
 254 283 23 766 99 247 51
 368 382 20 518 93
 255 238 47 321 36 898 56 969 100 475 96
 688 713 5 530 57 815 30
 257
 259 22 1 494 87
 692
 261 433 67
 263 306 66 54 36
 696 918 7 348 79 774 99 85 8
 265 279 28 514 66
 267
 700 691 51 379 32
 269 273 46 957 56 21 17
 271 802 38 172 66 475 14 285 30
 640 157 79
 273
 275
 644 365 62 278 60
 277 46 58 945 71
 279 145 52
 648 443 34
 281
 283 932 78 222 68 261 42
 652 462 33 36 35
 285 349 93 708 24 973 26
 287 33 95 649 4
 592 938 23
 289 101 70
 291
 596 756 64 65 65
 293
 295 301 70 653 52 552 92
 600 331 79 870 86 739 69
 297 866 64 194 31 99 15
 299 98 16 25 47
 604 117 18 953 46 922 91 845 85 686 84 733 41
 301 36 6 962 50 961 45 639 18
 303 106 19 570 38
 672 864 85
 305
 307 520 26 503 58
 676 383 57
 309 335 34 12 69
 311 975 90
 680 114 87 835 45 969 46
 313 990 90 51 34 532 18
 315 579 67 861 72
 684 505 79
 317 873 5
 319
 752 169 15 108 24
 321 515 78 656 10 110 76
 323 807 20 148 31 949 80
 756
 325 663 96 529 90
 327 11 84
 760
 329 520 98 361 75 624 34 161 23 423 45 172 9
 331 625 91 852 38 682 25
 764 560 41 634 81 287 53
 333 348 41
 335 89 15
 704 96 34
 337 527 70
 339 525 55 444 94 15 99
 708 754 78 512 85
 341 173 63 417 3 833 72
 343 700 65
 553 50 46 92 58 614 36
 344 746 95 996 92
 712 837 51 582 16 664 73 161 20
 345 503 43 965 23 242 98 631 56
 346 850 57 617 60 320 44 344 100 9 11 5 57 397 42
 347 693 61 896 77
 716 44 39 180 5 992 4 381 88
 349 497 74
 350 330 68 896 52 444 95 184 61 39 18
 351
 656 55 49 480 4 693 30 966 87 806 44 439 8 518 52
 353 725 98 812 39
 355 412 50 992 20 417 77
 660 446 55 365 64
 357
 359 399 6
 664 993 10 110 17
 361 881 69 144 28
 363 818 61
 668
 365 52 14
 367 245 74 661 41 335 53
 736 532 15 476 1
 369 341 45 660 32 993 46 624 66 457 89 165 97 451 79
 371
 740 239 53
 373
 375 604 3 686 59 742 76
 744 428 80 405 17 718 1 607 91
 377
 379 627 58 388 4
 748 541 69 544 67
 381
 383
 529 3 44 939 35
 384
 386 563 59 642 10
 533 383 99 93 28 780 98
 388 692 38 385 51
 390 467 10 609 19 206 45
 537 791 3 955 28 190 74 936 78
 392
 394 489 31 261 38
 541 916 96 524 65 463 26 511 51 450 68
 396 483 66 183 93 624 86 784 11 13 64 522 13
 398 871 48 460 84
 609 20 17
 400 354 90
 402 478 63
 613 852 60 386 64 71 63 722 1
 404 75 71 756 6 220 62 153 14
 406 896 74
 617
 408 996 82 19 62
 410 355 94 72 65 553 100 765 5 548 46
 621 792 54 171 32 658 7 471 78 497 8
 412 212 49 815 30 538 99 131 1
 414 67 32 7 30
 561
 416 177 91 960 36 446 94
 720 232 60
 417 531 86 302 17
 418 77 43 11 3 607 9 434 41
 565 2 14
 420 765 78 836 90 991 6 832 59
 724 746 76 601 96
 421 232 12 686 93 205 97 276 96
 422 505 13 553 27 307 29 939 74
 423 681 27 945 35
 569 917 77 349 77 133 17 455 53
 424 261 9 827 86 283 82 537 71
 426 990 79 322 68 378 76
 573 711 46 447 97
 428 40 28 851 8 558 51 418 62
 430 454 68 638 4 726 47
 513 225 77
 432 160 63 165 6
 434 480 4 547 2 724 99
 517 56 10
 436 948 76
 438 732 85
 521 599 1 466 11 610 17
 440 889 31 712 18
 442 282 53
 525 385 66 52 23
 444 723 15 845 40
 446 911 16
 593
 448 980 35 844 18 133 98
 450 13 31 517 18
 597 857 38
 452 84 36
 454
 601 42 7 465 62 635 46
 456 860 37 120 27 156 73
 458 413 57 349 81 368 67
 605
 460 299 22
 462 660 75 67 62
 673 326 40 188 34
 464 233 78
 466 199 91 309 95 253 54 643 46
 677 400 35 47 76 391 63
 468 585 97 570 7 966 17 374 42
 470 392 82 776 73 848 50 269 91
 681 305 96 630 85
 472 224 64 816 47 178 37
 474 375 75 471 58 221 10
 685 452 61
 476 134 34 564 4 460 10 210 94
 478 297 12 808 82 445 27
 625 600 74 871 73 248 79
 480 113 23
 482 82 97 544 98 744 60 37 72
 629 863 74 141 32 571 35 658 36
 484 80 82 745 76
 486 836 40
 633 74 27 90 51 498 86
 488 703 95 660 89
 490 129 37 348 42
 637 66 64 369 77 755 98
 492 987 54 443 75
 494
 577 605 48
 496 110 24
 498 810 13 170 64 666 80
 581 284 73
 500 655 60
 502 130 62
 585 999 54 80 51
 504 582 1 299 13
 506 831 85 234 87 392 2
 589 956 24
 508 370 46 25 65
 510
 512
 514 943 100 553 34
 515 208 70 635 35
 516 624 82
 518
 519
 520
 522 197 37
 523 299 6 670 52
 524 828 7 79 71 441 63
 526 713 17 623 80
 527 996 49 389 89 99 89
 528
 530 979 95
 531 794 2 384 93 83 59 639 59 511 65
 532 471 93 886 3 582 71
 534 630 8 813 65 769 93 956 91
 535 513 35 761 98 484 99 953 92 608 80 458 75
 536 990 28 380 31 833 86
 538 901 74 56 24 692 85
 539 81 43
 540 690 71 650 35
 542 206 96 564 71 117 28
 543 926 70
 544 265 69 45 26
 546 409 33
 547
 548 510 70 220 71 74 48
 550 70 78 453 10 553 77
 551 382 26 205 99 689 55 424 23
 552 419 14 321 78 588 13
 554 691 6 992 27
 555 468 97 146 54 417 48 655 91 593 69
 556 74 76
 558 439 65 8 70 303 63 339 53
 559 695 42
 560
 562 705 91 882 49 396 34
 563 616 75 284 40 326 96 829 72
 564 709 84 549 26 955 39
 566
 567 698 4 27 94
 568 387 95 780 4 276 94
 570 772 86 9 35
 571 4 58 859 18
 572 226 77 454 75
 574 691 3
 575 299 78 719 98
 576 764 24 209 49
 578 72 53 334 21
 579
 580 586 47 612 5 579 21
 582 330 52 622 83
 583 148 27 625 100
 584 528 90 499 61
 586 721 55 541 65
 587 621 89 55 11
 588 289 63 412 14
 590
 591
 594 771 9
 595
 598
 599
 602 736 66 316 75
 603 592 53 415 73 811 31 828 80
 606 68 64 851 33 477 66
 607 557 48 497 100 748 32 150 87
 608 181 81
 610 785 54
 611
 612 67 60 711 73 342 80 210 4
 614 46 72
 615 451 24 789 88
 616 975 10 831 26 530 57 854 80
 618
 619 895 69 489 8 48 16 569 100 182 42
 620 277 54
 622 722 47 906 39 632 66
 623 817 83 146 59
 624 439 41 294 57 694 99 499 49 469 78
 626 862 58 612 8
 627 927 49
 628
 630 277 1
 631 336 98 760 78 58 76 564 58 637 93
 632 335 34 924 56
 634
 635 85 44 444 35
 636
 638 382 29
 639 94 35 365 35
 641 943 46 90 97 750 23
 642 161 44
 643 714 85
 645
 646
 647 702 82 602 83
 649 288 77 708 20 894 100
 650 117 12
 651 493 50
 653 91 5 15 96 25 17
 654 977 76 965 21 735 73
 655
 657 58 79
 658 987 38
 659 86 37
 661
 662 112 4 403 62
 663 979 2 492 48 621 91 585 85 157 18 785 23
 665 508 61 31 75 944 90
 666 502 23 117 87 97 9 979 48 641 38
 667 261 61
 669 503 64
 670 258 57 946 34
 671
 674
 675 9 23
 678 173 12
 679 93 15
 682 809 77 495 57
 683 295 56 701 99
 686 106 96 752 74
 687 583 47
 689 712 44 924 82 380 7
 690
 691 589 51 276 23
 693 50 78 432 78 902 97
 694 596 73 197 71 887 2
 695
 697
 698 611 82
 699 292 40 132 96
 701 574 22
 702 763 91 819 77 973 90
 703 678 49 852 95 45 51
 705 146 9 34 44 525 46 926 80 940 70
 706 533 94
 707 466 26
 709 544 94
 710 288 66
 711 693 49
 713 560 71 136 1
 714 43 58 204 67
 715 237 78
 717 156 85
 718 329 45
 719 841 62
 721 157 73
 722 152 77 914 96
 723 36 1 596 49
 725 130 61 552 81 764 20
 726 202 12 898 10
 727 206 84 160 58
 729 97 62 120 35 383 28
 730
 731 409 81
 733 652 100 301 55 112 26 555 52
 734
 735 832 40 39 55 964 74
 737 383 45 985 80 161 76 426 60
 738 871 49 351 81
 739 112 66
 741 797 70 633 41 225 90
 742 500 62 789 73
 743
 745
 746 493 80 32 39
 747 788 49 802 44 581 99
 749 536 40
 750 398 21 404 34
 751 470 92
 753 778 92 976 66
 754 997 36 55 94
 755 531 88 230 73
 757 784 63 464 92
 758 219 87 878 45 220 25 105 14 305 71 652 33
 759 835 21 921 30
 761 625 67
 762 628 36 25 85 18 84
 763
 765
 766 298 85 265 80
 767 518 6 573 10 633 74
 768 992 69 689 97
 770 360 12
 771 168 37
 772 684 28
 774 89 70
 775 547 53
 776
 778 962 64 970 91 940 69 204 94
 779 854 77 877 33 241 50
 780 937 68
 782 904 7 402 94 407 37 596 66
 783 918 48 422 99 620 71 652 90 443 74 463 26
 784 296 84
 786 761 39 484 56 263 17
 787 454 27 830 61 380 100 757 79 843 83 190 33 928 81 146 94 31 13
 788 405 20 128 34 274 4
 790 825 48 27 81
 791 6 82
 792 692 84
 794 267 88 461 45 74 54
 795 980 7
 796 490 13 306 40 858 26
 798
 799 841 31 415 50
 800 497 16 549 69 198 41
 802 381 11 676 69 150 29 484 14
 803 649 45 777 78
 804 928 46 248 23 901 84 830 58
 806 908 54 347 12 810 59
 807 487 2 699 48
 808 977 27 921 5 949 15
 810 795 9 616 28 933 68
 811 45 35
 812 749 83
 814 487 79 476 37 125 12 480 100
 815 56 2 561 1 360 12
 816 3 14 194 9
 818 593 43 666 15 782 77
 819 165 26 460 48
 820 291 1 365 100 477 72
 822 896 45
 823 910 95 97 34 775 1 158 62 507 61
 824 948 40
 826 263 49
 827 298 98
 828 211 2 984 81 610 50
 830 943 87 549 57
 831 749 55
 832 282 76 973 45
 834 801 31 213 65
 835
 836 299 45 710 39
 838 278 82 744 2
 839 1 39
 840 641 19 402 49
 842 646 60 117 44
 843 96 8 449 81
 844 912 36 482 60 720 16
 846 71 76 644 25 634 97
 847
 850 939 25
 851 854 91
 854
 855 70 5 76 52
 858 811 94 550 51
 859 734 25
 862 761 14 195 98
 863 794 64 717 15
 864 161 7 225 34
 866 298 20
 867 663 12
 868 121 78
 870
 871 384 74
 872 222 38 91 91 928 70
 874
 875 176 81 772 1
 876 849 83 560 48 866 72 968 20
 878 900 56 880 72 161 100
 879 711 30
 880 162 54 118 85
 882 357 66
 883 49 54 704 49
 884 28 65 523 85 295 9
 886 640 27
 887 803 2
 888 754 27 945 45 444 65
 890
 891 460 22 376 39 463 37 660 4
 892
 894 956 26
 895 319 18 665 14 719 46
 897 266 43 294 50 435 73 27 73
 898 290 76 992 91
 899
 901 907 94 987 40
 902 590 16 110 78 412 53
 903 51 94 178 29
 905
 906 258 17 776 13 276 91
 907
 909
 910 425 56
 911 443 22
 913 557 63 981 42
 914 311 8
 915 886 34
 917 983 86 306 16
 918 105 16 281 91 237 47 416 49
 919
 921 885 6 96 60
 922 132 66
 923 126 88 784 60
 925 394 19 972 73 444 18
 926 474 42 446 57
 927 960 1 104 92 961 27 12 60
 930 705 27 500 42
 931 880 96 13 92 389 100
 934 867 44
 935 475 95 189 10 237 66
 938 893 69 267 44
 939 157 41 966 4 67 59 426 3
 942 680 80
 943 917 16
 945 706 23 404 25 19 47 305 68 920 60
 946 917 16 276 69 439 4
 947 934 45
 949 141 31 92 31 591 32
 950 541 2 596 59 226 17
 951 280 55 980 39 471 15
 953 952 50
 954
 955 223 28 767 88 768 92 303 92
 957 105 14 623 65 199 26
 958 199 48 357 16
 959
 961 28 78 855 83 565 29
 962 854 92
 963 61 60 723 82 45 51
 965 402 6
 966 580 43 766 37
 967 662 16
 969
 970 227 95 868 72
 971
 973 550 38
 974 430 24
 975 109 71
 977 670 74 34 11 408 79
 978 451 22
 979 838 28 406 6 800 27
 981 287 90 587 34
 982 86 18
 983 229 43 397 49
 985 596 33 939 45 799 75 425 3 634 32
 986 977 80 382 83 210 73 629 80
 987 319 26 135 88 621 36
 989 291 28
 990 608 48 814 33
 991 442 91 330 9 104 86 408 9
 993 170 10 353 26
 994 890 77 39 25 872 37 823 39 10 18
 995
 997 277 46 811 97 931 46 218 67 601 83
 998 810 38
 999 996 49
