1 1
 399
 0
 944
 1
 393
 2
 3
 387
 4
 948
 5
 397
 6
 7
 407
 8
 952
 9
 401
 10
 11
 395
 12
 956
 13
 405
 14
 15
 415
 16
 896
 17
 409
 18
 19
 403
 20
 900
 21
 413
 22
 23
 487
 24
 904
 25
 481
 26
 27
 411
 28
 908
 29
 485
 30
 31
 431
 32
 848
 33
 728
 425
 34
 35
 419
 36
 852
 37
 732
 429
 38
 39
 439
 40
 856
 41
 433
 42
 43
 427
 44
 860
 45
 437
 46
 47
 447
 48
 928
 49
 441
 50
 51
 435
 52
 932
 53
 445
 54
 55
 391
 56
 936
 57
 385
 58
 59
 443
 60
 940
 61
 389
 62
 63
 463
 64
 65
 457
 66
 67
 451
 68
 69
 461
 70
 71
 471
 72
 73
 465
 74
 75
 459
 76
 77
 469
 78
 79
 479
 801
 80
 960
 81
 473
 82
 83
 467
 805
 84
 964
 85
 477
 86
 87
 809
 88
 968
 89
 90
 91
 475
 813
 92
 972
 93
 94
 95
 495
 96
 912
 97
 489
 98
 99
 483
 100
 916
 101
 493
 102
 103
 503
 104
 920
 105
 497
 106
 107
 491
 108
 924
 109
 501
 110
 111
 511
 112
 992
 113
 505
 114
 115
 499
 116
 996
 117
 509
 118
 119
 455
 120
 121
 449
 122
 123
 507
 124
 125
 453
 126
 127
 785
 128
 314
 129
 130
 260
 131
 789
 132
 318
 133
 134
 312
 135
 793
 136
 258
 137
 138
 268
 139
 797
 140
 262
 141
 142
 256
 143
 865
 144
 266
 145
 146
 276
 147
 869
 148
 270
 149
 150
 264
 151
 873
 152
 274
 153
 154
 284
 155
 877
 156
 278
 157
 158
 272
 159
 817
 160
 976
 161
 162
 292
 163
 821
 164
 980
 165
 166
 167
 825
 168
 290
 984
 169
 170
 300
 171
 829
 172
 294
 988
 173
 174
 288
 175
 769
 176
 298
 177
 178
 308
 179
 773
 180
 302
 181
 182
 296
 183
 777
 184
 306
 185
 186
 316
 187
 781
 188
 310
 189
 190
 304
 191
 849
 192
 378
 193
 194
 324
 195
 853
 196
 382
 197
 198
 376
 199
 857
 200
 322
 201
 202
 332
 203
 861
 204
 326
 205
 206
 320
 207
 929
 208
 330
 209
 210
 549
 340
 211
 933
 212
 334
 213
 214
 328
 215
 937
 216
 338
 217
 218
 557
 348
 219
 941
 220
 342
 221
 222
 545
 336
 223
 881
 224
 282
 225
 226
 356
 227
 885
 228
 286
 229
 230
 280
 231
 889
 232
 354
 233
 234
 364
 235
 893
 236
 358
 237
 238
 352
 239
 833
 240
 362
 241
 242
 372
 243
 837
 244
 366
 245
 246
 360
 247
 841
 248
 370
 249
 250
 380
 251
 845
 252
 374
 253
 254
 368
 255
 688
 257
 259
 692
 261
 263
 696
 265
 267
 700
 269
 271
 640
 273
 275
 644
 277
 279
 648
 281
 283
 652
 285
 287
 592
 289
 291
 596
 293
 295
 600
 297
 299
 604
 301
 303
 672
 305
 307
 676
 309
 311
 680
 313
 315
 684
 317
 319
 752
 321
 323
 756
 325
 327
 760
 329
 331
 764
 333
 335
 704
 337
 339
 708
 341
 343
 553
 344
 712
 345
 346
 347
 716
 349
 350
 351
 656
 353
 355
 660
 357
 359
 664
 361
 363
 668
 365
 367
 736
 369
 371
 740
 373
 375
 744
 377
 379
 748
 381
 383
 529
 384
 386
 533
 388
 390
 537
 392
 394
 541
 396
 398
 609
 400
 402
 613
 404
 406
 617
 408
 410
 621
 412
 414
 561
 416
 720
 417
 418
 565
 420
 724
 421
 422
 423
 569
 424
 426
 573
 428
 430
 513
 432
 434
 517
 436
 438
 521
 440
 442
 525
 444
 446
 593
 448
 450
 597
 452
 454
 601
 456
 458
 605
 460
 462
 673
 464
 466
 677
 468
 470
 681
 472
 474
 685
 476
 478
 625
 480
 482
 629
 484
 486
 633
 488
 490
 637
 492
 494
 577
 496
 498
 581
 500
 502
 585
 504
 506
 589
 508
 510
 512
 514
 515
 516
 518
 519
 520
 522
 523
 524
 526
 527
 528
 530
 531
 532
 534
 535
 536
 538
 539
 540
 542
 543
 544
 546
 547
 548
 550
 551
 552
 554
 555
 556
 558
 559
 560
 562
 563
 564
 566
 567
 568
 570
 571
 572
 574
 575
 576
 578
 579
 580
 582
 583
 584
 586
 587
 588
 590
 591
 594
 595
 598
 599
 602
 603
 606
 607
 608
 610
 611
 612
 614
 615
 616
 618
 619
 620
 622
 623
 624
 626
 627
 628
 630
 631
 632
 634
 635
 636
 638
 639
 641
 642
 643
 645
 646
 647
 649
 650
 651
 653
 654
 655
 657
 658
 659
 661
 662
 663
 665
 666
 667
 669
 670
 671
 674
 675
 678
 679
 682
 683
 686
 687
 689
 690
 691
 693
 694
 695
 697
 698
 699
 701
 702
 703
 705
 706
 707
 709
 710
 711
 713
 714
 715
 717
 718
 719
 721
 722
 723
 725
 726
 727
 729
 730
 731
 733
 734
 735
 737
 738
 739
 741
 742
 743
 745
 746
 747
 749
 750
 751
 753
 754
 755
 757
 758
 759
 761
 762
 763
 765
 766
 767
 768
 770
 771
 772
 774
 775
 776
 778
 779
 780
 782
 783
 784
 786
 787
 788
 790
 791
 792
 794
 795
 796
 798
 799
 800
 802
 803
 804
 806
 807
 808
 810
 811
 812
 814
 815
 816
 818
 819
 820
 822
 823
 824
 826
 827
 828
 830
 831
 832
 834
 835
 836
 838
 839
 840
 842
 843
 844
 846
 847
 850
 851
 854
 855
 858
 859
 862
 863
 864
 866
 867
 868
 870
 871
 872
 874
 875
 876
 878
 879
 880
 882
 883
 884
 886
 887
 888
 890
 891
 892
 894
 895
 897
 898
 899
 901
 902
 903
 905
 906
 907
 909
 910
 911
 913
 914
 915
 917
 918
 919
 921
 922
 923
 925
 926
 927
 930
 931
 934
 935
 938
 939
 942
 943
 945
 946
 947
 949
 950
 951
 953
 954
 955
 957
 958
 959
 961
 962
 963
 965
 966
 967
 969
 970
 971
 973
 974
 975
 977
 978
 979
 981
 982
 983
 985
 986
 987
 989
 990
 991
 993
 994
 995
 997
 998
 999
