1 1
 0 1 94 2 76 3 51 4 95 5 11 6 49 7 44 8 99 9 89 10 80 11 73 12 50 13 87 14 39 15 56 16 79 17 39 18 80 19 72 20 36 21 29 22 24 23 11 24 4 25 61 26 90 27 13 28 56 29 63 30 45 31 45 32 51 33 57 34 99 35 81 36 74 37 26 38 27 39 6 40 100 41 45 42 35 43 14 44 31 45 80 46 10 47 68 48 9 49 54 50 35 51 95 52 85 53 38 54 34 55 71 56 11 57 30 58 96 59 73 60 56 61 58 62 99 63 58 64 90 65 5 66 82 67 42 68 6 69 50 70 35 71 54 72 81 73 72 74 58 75 46 76 35 77 98 78 2 79 25 80 33 81 45 82 57 83 67 84 71 85 54 86 22 87 51 88 7 89 83 90 47 91 42 92 48 93 45 94 60 95 47 96 7 97 25 98 87 99 6
 1 8 28 64 48 0 63 2 35 3 62 4 95 5 78 6 78 7 48 9 72 10 48 11 68 12 67 13 26 14 29 15 4 16 27 17 47 18 62 19 56 20 59 21 80 22 90 23 63 24 66 25 25 26 97 27 65 28 43 29 11 30 3 31 96 32 89 33 63 34 16 35 59 36 2 37 47 38 69 39 89 40 10 41 20 42 8 43 52 44 79 45 41 46 59 47 1 48 18 49 68 50 87 51 92 52 95 53 28 54 10 55 32 56 94 57 88 58 32 59 34 60 97 61 18 62 6 63 52 65 52 66 71 67 64 68 79 69 32 70 75 71 34 72 2 73 61 74 77 75 7 76 4 77 11 78 80 79 73 80 87 81 53 82 2 83 55 84 57 85 81 86 52 87 35 88 82 89 36 90 41 91 68 92 20 93 57 94 44 95 87 96 53 97 91 98 44 99 100
 2 8 75 64 15 0 72 1 43 3 95 4 68 5 71 6 95 7 4 9 39 10 45 11 2 12 82 13 53 14 47 15 92 16 27 17 60 18 55 19 85 20 70 21 34 22 59 23 7 24 60 25 87 26 19 27 10 28 34 29 1 30 96 31 86 32 74 33 57 34 73 35 44 36 26 37 73 38 70 39 51 40 7 41 81 42 52 43 91 44 21 45 45 46 48 47 84 48 1 49 4 50 51 51 99 52 42 53 78 54 59 55 3 56 97 57 53 58 78 59 71 60 26 61 84 62 97 63 67 65 98 66 3 67 51 68 73 69 95 70 93 71 80 72 30 73 72 74 6 75 51 76 8 77 12 78 12 79 59 80 68 81 38 82 89 83 32 84 33 85 51 86 6 87 33 88 6 89 42 90 13 91 22 92 83 93 27 94 71 95 36 96 68 97 56 98 78 99 74
 3 8 41 64 1 0 39 1 70 2 56 4 56 5 77 6 81 7 2 9 1 10 13 11 19 12 48 13 66 14 37 15 91 16 56 17 14 18 86 19 62 20 50 21 88 22 37 23 31 24 39 25 4 26 4 27 8 28 43 29 79 30 72 31 84 32 41 33 81 34 45 35 36 36 24 37 9 38 30 39 9 40 42 41 89 42 17 43 1 44 31 45 68 46 80 47 78 48 6 49 27 50 47 51 86 52 81 53 36 54 41 55 2 56 65 57 76 58 32 59 8 60 29 61 20 62 91 63 82 65 54 66 51 67 65 68 49 69 73 70 65 71 43 72 39 73 65 74 43 75 48 76 63 77 11 78 41 79 8 80 48 81 42 82 65 83 27 84 71 85 79 86 65 87 12 88 32 89 44 90 26 91 34 92 32 93 63 94 24 95 38 96 6 97 98 98 14 99 29
 4 8 16 64 58 0 25 1 5 2 13 3 66 5 8 6 67 7 78 9 17 10 52 11 95 12 96 13 39 14 64 15 79 16 98 17 79 18 22 19 68 20 45 21 76 22 67 23 42 24 31 25 54 26 97 27 67 28 36 29 17 30 7 31 79 32 48 33 84 34 76 35 38 36 44 37 88 38 59 39 35 40 41 41 70 42 83 43 64 44 98 45 62 46 38 47 47 48 18 49 83 50 68 51 43 52 44 53 37 54 18 55 92 56 17 57 65 58 74 59 10 60 35 61 17 62 54 63 29 65 13 66 21 67 65 68 87 69 40 70 38 71 54 72 7 73 64 74 96 75 70 76 24 77 64 78 93 79 97 80 59 81 41 82 55 83 78 84 87 85 79 86 1 87 16 88 4 89 36 90 41 91 97 92 42 93 53 94 26 95 62 96 67 97 96 98 93 99 50
 5 8 60 64 90 0 40 1 66 2 27 3 83 4 44 6 25 7 49 9 30 10 49 11 15 12 82 13 57 14 62 15 34 16 84 17 58 18 32 19 26 20 13 21 45 22 14 23 73 24 88 25 19 26 15 27 14 28 14 29 100 30 80 31 2 32 53 33 59 34 35 35 59 36 15 37 23 38 47 39 94 40 34 41 12 42 74 43 7 44 8 45 62 46 67 47 67 48 81 49 61 50 76 51 2 52 94 53 10 54 4 55 15 56 89 57 96 58 70 59 5 60 52 61 19 62 93 63 48 65 8 66 47 67 31 68 81 69 12 70 41 71 99 72 84 73 30 74 78 75 59 76 37 77 53 78 96 79 76 80 22 81 21 82 37 83 33 84 20 85 66 86 82 87 27 88 16 89 87 90 18 91 55 92 45 93 61 94 24 95 8 96 40 97 11 98 92 99 19
 6 8 29 64 47 0 94 1 66 2 2 3 88 4 22 5 39 7 7 9 55 10 59 11 23 12 61 13 91 14 18 15 31 16 70 17 62 18 42 19 37 20 40 21 73 22 14 23 81 24 11 25 31 26 39 27 33 28 49 29 72 30 19 31 78 32 28 33 16 34 83 35 9 36 68 37 22 38 96 39 84 40 79 41 10 42 92 43 21 44 41 45 42 46 63 47 74 48 31 49 72 50 21 51 77 52 35 53 97 54 13 55 47 56 93 57 30 58 75 59 45 60 81 61 82 62 98 63 89 65 7 66 80 67 50 68 84 69 60 70 97 71 83 72 98 73 64 74 46 75 46 76 71 77 13 78 78 79 71 80 10 81 42 82 44 83 20 84 14 85 5 86 20 87 23 88 30 89 88 90 97 91 44 92 48 93 79 94 52 95 98 96 98 97 43 98 70 99 46
 7 8 32 64 35 0 5 1 99 2 46 3 46 4 15 5 75 6 93 9 76 10 50 11 98 12 8 13 42 14 90 15 39 16 37 17 88 18 32 19 98 20 1 21 6 22 28 23 5 24 54 25 84 26 84 27 74 28 20 29 7 30 97 31 5 32 18 33 90 34 39 35 42 36 95 37 5 38 16 39 29 40 64 41 24 42 27 43 49 44 43 45 9 46 50 47 92 48 93 49 95 50 79 51 1 52 14 53 50 54 69 55 26 56 51 57 77 58 60 59 46 60 85 61 67 62 18 63 53 65 16 66 97 67 69 68 19 69 30 70 6 71 96 72 63 73 24 74 91 75 6 76 63 77 38 78 40 79 98 80 83 81 93 82 81 83 72 84 68 85 13 86 11 87 6 88 96 89 55 90 20 91 98 92 4 93 34 94 67 95 82 96 19 97 32 98 60 99 93
 8 64 43 0 84 1 60 2 85 3 53 4 19 5 65 6 44 7 97 9 5 10 53 11 99 12 91 13 88 14 6 15 69 16 8 17 54 18 90 19 68 20 75 21 47 22 11 23 81 24 98 25 68 26 86 27 49 28 26 29 85 30 66 31 76 32 47 33 15 34 81 35 97 36 36 37 69 38 89 39 65 40 50 41 85 42 51 43 16 44 63 45 12 46 21 47 83 48 62 49 73 50 11 51 65 52 61 53 40 54 32 55 68 56 56 57 16 58 45 59 57 60 38 61 35 62 74 63 99 65 65 66 14 67 84 68 66 69 27 70 33 71 10 72 67 73 65 74 51 75 58 76 69 77 9 78 7 79 58 80 34 81 29 82 67 83 3 84 31 85 8 86 34 87 85 88 47 89 89 90 36 91 55 92 60 93 49 94 34 95 66 96 62 97 25 98 47 99 9
 9 64 53 0 71 1 12 2 15 3 2 4 54 5 49 6 50 7 77 8 86 10 57 11 50 12 93 13 17 14 38 15 48 16 73 17 83 18 3 19 20 20 62 21 71 22 76 23 24 24 53 25 31 26 23 27 53 28 82 29 77 30 60 31 20 32 4 33 15 34 59 35 42 36 91 37 82 38 42 39 59 40 21 41 20 42 82 43 95 44 96 45 22 46 82 47 2 48 30 49 47 50 35 51 32 52 20 53 97 54 40 55 68 56 55 57 82 58 39 59 91 60 78 61 85 62 50 63 51 65 24 66 82 67 65 68 15 69 51 70 78 71 83 72 39 73 54 74 15 75 23 76 18 77 58 78 100 79 61 80 48 81 28 82 8 83 72 84 94 85 46 86 40 87 15 88 60 89 51 90 88 91 24 92 25 93 73 94 7 95 91 96 35 97 36 98 45 99 59
 10 64 61 0 20 1 31 2 59 3 83 4 37 5 8 6 80 7 54 8 48 9 61 11 33 12 61 13 87 14 97 15 13 16 38 17 31 18 47 19 99 20 10 21 26 22 86 23 34 24 85 25 85 26 4 27 22 28 62 29 5 30 51 31 98 32 47 33 20 34 94 35 29 36 65 37 6 38 89 39 32 40 96 41 16 42 14 43 35 44 3 45 80 46 15 47 18 48 90 49 84 50 76 51 43 52 19 53 62 54 35 55 88 56 23 57 84 58 38 59 88 60 66 61 20 62 21 63 2 65 99 66 78 67 46 68 28 69 13 70 44 71 9 72 26 73 45 74 80 75 69 76 93 77 58 78 60 79 25 80 31 81 77 82 67 83 32 84 53 85 83 86 37 87 13 88 97 89 67 90 2 91 66 92 6 93 25 94 90 95 67 96 85 97 72 98 1 99 37
 11 64 53 0 30 1 63 2 35 3 16 4 72 5 44 6 80 7 21 8 78 9 100 10 98 12 92 13 44 14 46 15 16 16 73 17 97 18 93 19 26 20 28 21 37 22 92 23 5 24 80 25 76 26 91 27 52 28 96 29 17 30 77 31 99 32 62 33 36 34 90 35 31 36 49 37 32 38 86 39 87 40 16 41 39 42 25 43 59 44 43 45 8 46 93 47 76 48 5 49 3 50 85 51 29 52 27 53 5 54 14 55 74 56 34 57 48 58 30 59 15 60 19 61 23 62 84 63 53 65 62 66 42 67 59 68 67 69 28 70 28 71 54 72 25 73 4 74 95 75 81 76 40 77 90 78 32 79 53 80 81 81 8 82 24 83 52 84 86 85 7 86 7 87 11 88 33 89 41 90 41 91 79 92 20 93 72 94 39 95 85 96 4 97 46 98 52 99 19
 12 64 18 0 1 1 91 2 31 3 36 4 16 5 4 6 1 7 24 8 67 9 79 10 54 11 14 13 1 14 29 15 1 16 56 17 21 18 3 19 94 20 56 21 86 22 64 23 83 24 75 25 95 26 93 27 92 28 36 29 7 30 20 31 89 32 98 33 28 34 65 35 75 36 73 37 93 38 85 39 62 40 30 41 47 42 17 43 8 44 47 45 53 46 87 47 71 48 43 49 56 50 1 51 51 52 17 53 81 54 60 55 28 56 36 57 25 58 70 59 81 60 96 61 23 62 76 63 45 65 19 66 43 67 34 68 90 69 71 70 35 71 50 72 71 73 58 74 70 75 42 76 91 77 5 78 44 79 73 80 68 81 96 82 35 83 74 84 82 85 4 86 14 87 33 88 93 89 61 90 45 91 53 92 69 93 60 94 57 95 7 96 29 97 48 98 79 99 75
 13 64 90 0 22 1 50 2 71 3 87 4 24 5 69 6 69 7 10 8 19 9 35 10 50 11 38 12 64 14 71 15 18 16 52 17 25 18 56 19 70 20 20 21 2 22 10 23 67 24 67 25 27 26 47 27 39 28 86 29 36 30 5 31 51 32 69 33 84 34 10 35 31 36 98 37 87 38 39 39 1 40 27 41 10 42 66 43 78 44 91 45 79 46 53 47 34 48 89 49 78 50 66 51 21 52 6 53 96 54 17 55 8 56 86 57 22 58 47 59 44 60 99 61 66 62 42 63 94 65 81 66 53 67 38 68 29 69 13 70 49 71 24 72 25 73 43 74 25 75 16 76 31 77 98 78 48 79 71 80 50 81 57 82 29 83 2 84 30 85 56 86 24 87 95 88 4 89 3 90 59 91 32 92 51 93 58 94 59 95 10 96 90 97 93 98 54 99 18
 14 64 89 0 68 1 21 2 74 3 86 4 100 5 53 6 69 7 64 8 23 9 98 10 84 11 6 12 9 13 83 15 79 16 95 17 22 18 41 19 68 20 84 21 50 22 78 23 46 24 58 25 27 26 53 27 65 28 8 29 40 30 1 31 6 32 97 33 23 34 21 35 42 36 72 37 60 38 95 39 82 40 54 41 45 42 75 43 86 44 46 45 87 46 20 47 43 48 58 49 22 50 50 51 67 52 31 53 30 54 71 55 88 56 40 57 73 58 24 59 35 60 96 61 32 62 73 63 66 65 41 66 74 67 70 68 59 69 58 70 23 71 55 72 47 73 80 74 99 75 85 76 28 77 99 78 83 79 87 80 7 81 21 82 93 83 12 84 23 85 79 86 88 87 63 88 39 89 30 90 71 91 28 92 84 93 33 94 85 95 11 96 18 97 33 98 33 99 44
 15 64 45 0 57 1 48 2 96 3 34 4 4 5 18 6 23 7 15 8 97 9 62 10 35 11 41 12 39 13 57 14 7 16 63 17 80 18 36 19 74 20 17 21 26 22 64 23 9 24 16 25 44 26 45 27 11 28 13 29 55 30 33 31 15 32 10 33 61 34 73 35 93 36 63 37 1 38 66 39 40 40 47 41 49 42 37 43 31 44 65 45 97 46 16 47 5 48 94 49 88 50 51 51 53 52 3 53 25 54 79 55 39 56 1 57 75 58 58 59 85 60 40 61 91 62 78 63 81 65 55 66 37 67 14 68 38 69 49 70 56 71 19 72 57 73 73 74 75 75 62 76 48 77 30 78 54 79 73 80 49 81 30 82 92 83 86 84 51 85 29 86 35 87 17 88 42 89 80 90 35 91 11 92 34 93 38 94 58 95 10 96 61 97 81 98 35 99 2
 16 64 21 0 7 1 25 2 37 3 64 4 92 5 88 6 40 7 45 8 69 9 98 10 72 11 70 12 69 13 31 14 89 15 31 17 37 18 3 19 32 20 94 21 50 22 70 23 73 24 74 25 82 26 1 27 6 28 72 29 47 30 17 31 48 32 67 33 61 34 32 35 7 36 57 37 56 38 91 39 87 40 57 41 18 42 18 43 31 44 45 45 16 46 93 47 77 48 38 49 59 50 18 51 87 52 83 53 57 54 55 55 58 56 24 57 25 58 75 59 93 60 26 61 27 62 63 63 47 65 21 66 46 67 8 68 44 69 7 70 75 71 63 72 37 73 63 74 57 75 95 76 69 77 10 78 59 79 92 80 64 81 11 82 66 83 74 84 61 85 74 86 6 87 32 88 29 89 94 90 72 91 24 92 85 93 13 94 98 95 97 96 51 97 70 98 32 99 81
 17 64 49 0 7 1 20 2 82 3 50 4 40 5 3 6 31 7 23 8 31 9 67 10 53 11 4 12 46 13 49 14 62 15 3 16 45 18 44 19 38 20 59 21 27 22 5 23 17 24 82 25 55 26 39 27 98 28 39 29 80 30 54 31 5 32 53 33 69 34 48 35 77 36 81 37 61 38 36 39 5 40 66 41 21 42 13 43 57 44 62 45 25 46 26 47 63 48 77 49 59 50 11 51 20 52 76 53 92 54 100 55 45 56 11 57 94 58 3 59 65 60 80 61 38 62 65 63 53 65 47 66 45 67 42 68 18 69 32 70 77 71 97 72 60 73 61 74 74 75 74 76 18 77 21 78 61 79 78 80 55 81 71 82 34 83 3 84 17 85 74 86 46 87 6 88 55 89 53 90 2 91 17 92 43 93 93 94 95 95 68 96 11 97 67 98 53 99 36
 18 64 80 0 31 1 1 2 73 3 46 4 29 5 93 6 32 7 76 8 80 9 84 10 42 11 44 12 59 13 20 14 37 15 13 16 68 17 7 19 41 20 51 21 31 22 55 23 28 24 1 25 48 26 66 27 61 28 22 29 45 30 40 31 88 32 62 33 99 34 14 35 45 36 83 37 14 38 17 39 62 40 61 41 6 42 42 43 77 44 36 45 99 46 93 47 82 48 14 49 21 50 65 51 9 52 59 53 57 54 12 55 94 56 81 57 23 58 29 59 91 60 2 61 35 62 1 63 97 65 54 66 62 67 32 68 47 69 76 70 11 71 55 72 91 73 4 74 77 75 12 76 95 77 15 78 10 79 93 80 33 81 49 82 85 83 55 84 64 85 69 86 35 87 10 88 71 89 38 90 19 91 83 92 24 93 8 94 86 95 53 96 73 97 50 98 4 99 74
 19 64 76 0 1 1 58 2 68 3 16 4 53 5 35 6 12 7 37 8 23 9 24 10 34 11 40 12 52 13 19 14 30 15 51 16 86 17 61 18 50 20 51 21 28 22 62 23 82 24 70 25 81 26 66 27 20 28 71 29 57 30 35 31 21 32 5 33 63 34 49 35 63 36 54 37 67 38 24 39 40 40 58 41 93 42 82 43 82 44 26 45 58 46 63 47 55 48 10 49 74 50 97 51 42 52 10 53 80 54 50 55 83 56 56 57 14 58 69 59 80 60 68 61 23 62 73 63 27 65 40 66 1 67 64 68 30 69 62 70 100 71 79 72 24 73 18 74 82 75 84 76 87 77 50 78 81 79 32 80 68 81 29 82 56 83 54 84 61 85 18 86 61 87 26 88 61 89 2 90 81 91 94 92 61 93 51 94 85 95 88 96 68 97 66 98 82 99 36
 20 64 2 0 59 1 23 2 14 3 82 4 33 5 11 6 4 7 8 8 86 9 12 10 21 11 56 12 34 13 24 14 96 15 73 16 72 17 66 18 38 19 59 21 59 22 85 23 22 24 9 25 17 26 35 27 49 28 24 29 1 30 20 31 43 32 35 33 1 34 32 35 76 36 18 37 93 38 8 39 12 40 72 41 90 42 20 43 58 44 90 45 85 46 79 47 99 48 67 49 87 50 51 51 24 52 89 53 16 54 14 55 76 56 54 57 31 58 32 59 32 60 6 61 20 62 38 63 43 65 27 66 99 67 38 68 86 69 33 70 80 71 18 72 6 73 3 74 43 75 99 76 36 77 98 78 84 79 3 80 97 81 64 82 91 83 54 84 94 85 72 86 95 87 71 88 90 89 46 90 20 91 99 92 17 93 68 94 71 95 89 96 30 97 29 98 86 99 79
 21 64 18 0 84 1 91 2 19 3 19 4 8 5 18 6 45 7 75 8 48 9 30 10 54 11 7 12 23 13 34 14 97 15 65 16 56 17 21 18 48 19 76 20 64 22 9 23 89 24 88 25 61 26 50 27 26 28 22 29 14 30 63 31 55 32 80 33 22 34 3 35 19 36 44 37 87 38 46 39 23 40 97 41 61 42 81 43 66 44 45 45 6 46 68 47 91 48 96 49 13 50 31 51 24 52 82 53 21 54 78 55 24 56 52 57 67 58 2 59 21 60 91 61 64 62 99 63 5 65 21 66 92 67 35 68 51 69 44 70 66 71 81 72 57 73 18 74 85 75 19 76 44 77 47 78 74 79 72 80 64 81 100 82 40 83 91 84 69 85 42 86 98 87 92 88 41 89 86 90 54 91 93 92 82 93 86 94 80 95 76 96 6 97 78 98 54 99 99
 22 64 24 0 72 1 60 2 32 3 98 4 88 5 13 6 4 7 33 8 46 9 52 10 48 11 47 12 24 13 24 14 61 15 43 16 27 17 67 18 41 19 12 20 57 21 98 23 90 24 3 25 30 26 54 27 25 28 80 29 99 30 82 31 8 32 40 33 33 34 60 35 26 36 10 37 41 38 95 39 28 40 58 41 96 42 14 43 37 44 44 45 79 46 78 47 1 48 99 49 8 50 16 51 78 52 48 53 38 54 30 55 42 56 68 57 10 58 70 59 95 60 11 61 100 62 30 63 81 65 27 66 38 67 46 68 20 69 77 70 78 71 87 72 3 73 77 74 33 75 75 76 34 77 49 78 96 79 79 80 17 81 90 82 32 83 20 84 69 85 77 86 5 87 95 88 61 89 96 90 63 91 29 92 12 93 96 94 39 95 38 96 3 97 28 98 10 99 51
 23 64 34 0 43 1 32 2 37 3 23 4 31 5 80 6 44 7 21 8 63 9 8 10 99 11 83 12 48 13 44 14 22 15 62 16 34 17 95 18 34 19 34 20 43 21 29 22 62 24 14 25 49 26 76 27 92 28 29 29 55 30 69 31 45 32 41 33 69 34 22 35 66 36 47 37 61 38 85 39 46 40 53 41 80 42 21 43 5 44 70 45 54 46 28 47 64 48 41 49 6 50 86 51 10 52 71 53 54 54 18 55 44 56 7 57 47 58 46 59 63 60 97 61 95 62 16 63 78 65 95 66 43 67 34 68 43 69 60 70 21 71 79 72 77 73 21 74 64 75 73 76 72 77 35 78 76 79 86 80 30 81 90 82 35 83 8 84 12 85 76 86 91 87 55 88 12 89 15 90 39 91 12 92 15 93 2 94 69 95 42 96 58 97 67 98 51 99 75
 24 64 8 0 6 1 98 2 9 3 34 4 46 5 58 6 55 7 60 8 78 9 12 10 87 11 77 12 75 13 72 14 70 15 79 16 93 17 77 18 64 19 23 20 61 21 8 22 98 23 88 25 58 26 61 27 99 28 65 29 18 30 48 31 98 32 17 33 6 34 70 35 30 36 50 37 69 38 31 39 78 40 66 41 52 42 92 43 8 44 65 45 45 46 1 47 83 48 10 49 26 50 50 51 64 52 54 53 31 54 55 55 5 56 71 57 22 58 4 59 58 60 58 61 36 62 62 63 13 65 73 66 97 67 62 68 71 69 19 70 90 71 67 72 3 73 43 74 26 75 64 76 80 77 47 78 39 79 25 80 89 81 77 82 56 83 22 84 83 85 58 86 93 87 1 88 97 89 39 90 59 91 19 92 78 93 5 94 43 95 26 96 58 97 92 98 75 99 46
 25 64 71 0 28 1 63 2 26 3 43 4 59 5 58 6 82 7 66 8 29 9 86 10 61 11 14 12 72 13 59 14 84 15 52 16 14 17 19 18 80 19 14 20 67 21 8 22 1 23 28 24 15 26 19 27 24 28 49 29 30 30 31 31 49 32 35 33 74 34 43 35 42 36 56 37 82 38 31 39 89 40 84 41 55 42 48 43 86 44 77 45 44 46 89 47 2 48 19 49 97 50 46 51 37 52 30 53 23 54 45 55 59 56 77 57 55 58 100 59 90 60 31 61 17 62 14 63 23 65 85 66 74 67 34 68 93 69 49 70 41 71 21 72 91 73 80 74 43 75 24 76 33 77 85 78 91 79 19 80 39 81 97 82 72 83 65 84 37 85 22 86 97 87 71 88 76 89 22 90 27 91 38 92 47 93 75 94 95 95 74 96 40 97 91 98 12 99 46
 26 64 80 0 50 1 51 2 6 3 84 4 43 5 45 6 24 7 13 8 3 9 2 10 45 11 26 12 92 13 11 14 96 15 19 16 44 17 39 18 69 19 55 20 12 21 76 22 55 23 96 24 66 25 74 27 36 28 78 29 98 30 95 31 60 32 1 33 95 34 75 35 33 36 16 37 67 38 3 39 62 40 51 41 19 42 65 43 79 44 60 45 30 46 68 47 89 48 3 49 32 50 95 51 80 52 82 53 30 54 76 55 98 56 31 57 65 58 22 59 65 60 33 61 18 62 17 63 26 65 8 66 31 67 42 68 30 69 80 70 8 71 41 72 93 73 31 74 89 75 77 76 46 77 52 78 89 79 30 80 40 81 52 82 86 83 84 84 29 85 57 86 27 87 11 88 3 89 28 90 91 91 4 92 32 93 74 94 68 95 15 96 46 97 39 98 74 99 46
 27 64 86 0 86 1 73 2 80 3 53 4 42 5 30 6 23 7 61 8 72 9 37 10 84 11 28 12 88 13 62 14 68 15 92 16 15 17 52 18 36 19 66 20 2 21 21 22 36 23 28 24 43 25 59 26 22 28 4 29 48 30 20 31 55 32 77 33 70 34 33 35 28 36 59 37 97 38 5 39 62 40 69 41 7 42 44 43 19 44 12 45 86 46 46 47 78 48 49 49 54 50 56 51 83 52 4 53 60 54 22 55 91 56 51 57 23 58 33 59 63 60 72 61 8 62 100 63 18 65 89 66 38 67 73 68 56 69 4 70 37 71 84 72 37 73 19 74 41 75 27 76 18 77 3 78 91 79 23 80 41 81 11 82 57 83 37 84 58 85 95 86 51 87 95 88 43 89 30 90 64 91 70 92 39 93 87 94 35 95 68 96 49 97 59 98 2 99 43
 28 64 33 0 58 1 27 2 7 3 1 4 52 5 45 6 80 7 37 8 5 9 56 10 42 11 77 12 37 13 87 14 33 15 71 16 32 17 88 18 80 19 26 20 72 21 79 22 72 23 80 24 100 25 29 26 5 27 47 29 72 30 64 31 35 32 71 33 38 34 47 35 60 36 40 37 11 38 65 39 88 40 76 41 61 42 65 43 37 44 57 45 25 46 66 47 77 48 54 49 86 50 94 51 25 52 68 53 47 54 37 55 82 56 10 57 97 58 8 59 58 60 23 61 67 62 11 63 39 65 51 66 95 67 54 68 7 69 48 70 96 71 41 72 68 73 85 74 63 75 81 76 14 77 1 78 90 79 90 80 93 81 12 82 68 83 49 84 20 85 82 86 95 87 30 88 52 89 78 90 89 91 30 92 57 93 47 94 8 95 43 96 90 97 29 98 65 99 92
 29 64 22 0 40 1 65 2 65 3 3 4 78 5 34 6 22 7 61 8 23 9 19 10 61 11 56 12 17 13 96 14 74 15 69 16 65 17 97 18 30 19 84 20 6 21 28 22 24 23 65 24 30 25 84 26 31 27 67 28 55 30 74 31 54 32 54 33 4 34 6 35 50 36 61 37 88 38 5 39 69 40 86 41 49 42 41 43 29 44 59 45 13 46 1 47 68 48 78 49 15 50 62 51 79 52 68 53 10 54 14 55 38 56 4 57 93 58 59 59 26 60 84 61 73 62 61 63 59 65 69 66 76 67 33 68 17 69 6 70 30 71 58 72 47 73 59 74 53 75 53 76 95 77 2 78 80 79 45 80 26 81 19 82 79 83 33 84 92 85 84 86 44 87 39 88 52 89 19 90 6 91 5 92 15 93 2 94 64 95 30 96 23 97 27 98 36 99 82
 30 64 54 0 78 1 91 2 76 3 9 4 12 5 41 6 77 7 52 8 81 9 80 10 43 11 61 12 38 13 71 14 79 15 45 16 17 17 4 18 50 19 84 20 72 21 82 22 8 23 29 24 22 25 81 26 88 27 4 28 28 29 61 31 100 32 92 33 24 34 28 35 93 36 67 37 27 38 11 39 56 40 83 41 79 42 41 43 94 44 63 45 74 46 36 47 3 48 19 49 45 50 11 51 92 52 23 53 29 54 5 55 61 56 91 57 17 58 27 59 15 60 93 61 45 62 84 63 9 65 42 66 78 67 1 68 5 69 26 70 56 71 35 72 68 73 44 74 5 75 24 76 30 77 23 78 77 79 7 80 77 81 57 82 78 83 66 84 15 85 10 86 99 87 89 88 2 89 45 90 61 91 77 92 92 93 95 94 33 95 37 96 10 97 39 98 71 99 10
 31 64 50 0 34 1 5 2 80 3 93 4 30 5 47 6 42 7 92 8 5 9 12 10 51 11 98 12 68 13 43 14 100 15 36 16 19 17 45 18 93 19 70 20 89 21 74 22 36 23 44 24 62 25 40 26 41 27 96 28 74 29 13 30 61 32 96 33 85 34 90 35 3 36 54 37 50 38 98 39 37 40 34 41 36 42 14 43 3 44 8 45 48 46 84 47 61 48 96 49 50 50 55 51 51 52 47 53 63 54 71 55 56 56 49 57 47 58 31 59 80 60 31 61 85 62 64 63 93 65 61 66 100 67 67 68 38 69 92 70 47 71 66 72 26 73 2 74 60 75 57 76 22 77 57 78 26 79 47 80 22 81 19 82 17 83 78 84 3 85 75 86 46 87 100 88 50 89 51 90 35 91 72 92 8 93 96 94 37 95 19 96 93 97 56 98 79 99 56
 32 64 70 0 83 1 31 2 44 3 57 4 42 5 44 6 64 7 8 8 22 9 15 10 78 11 87 12 52 13 10 14 94 15 55 16 68 17 15 18 17 19 90 20 99 21 79 22 33 23 74 24 12 25 83 26 74 27 85 28 67 29 55 30 27 31 13 33 97 34 60 35 19 36 94 37 88 38 58 39 27 40 78 41 63 42 9 43 38 44 98 45 35 46 19 47 98 48 44 49 82 50 33 51 18 52 21 53 52 54 95 55 3 56 22 57 32 58 49 59 58 60 52 61 57 62 55 63 13 65 2 66 30 67 1 68 60 69 85 70 81 71 31 72 2 73 63 74 85 75 31 76 9 77 5 78 35 79 95 80 12 81 81 82 69 83 74 84 93 85 9 86 62 87 51 88 89 89 24 90 89 91 63 92 76 93 64 94 41 95 66 96 14 97 55 98 61 99 20
 33 64 62 0 38 1 17 2 20 3 12 4 96 5 70 6 79 7 69 8 46 9 29 10 87 11 33 12 76 13 99 14 18 15 21 16 70 17 26 18 99 19 99 20 48 21 25 22 62 23 62 24 55 25 39 26 90 27 49 28 72 29 88 30 93 31 99 32 76 34 65 35 70 36 91 37 39 38 66 39 48 40 13 41 10 42 46 43 95 44 56 45 59 46 99 47 60 48 88 49 41 50 6 51 73 52 63 53 87 54 31 55 27 56 11 57 37 58 51 59 92 60 1 61 75 62 35 63 51 65 42 66 99 67 21 68 55 69 4 70 75 71 100 72 60 73 66 74 72 75 54 76 56 77 51 78 74 79 75 80 17 81 69 82 55 83 93 84 90 85 13 86 73 87 16 88 53 89 61 90 80 91 68 92 73 93 68 94 49 95 9 96 33 97 1 98 72 99 55
 34 64 39 0 98 1 4 2 16 3 63 4 17 5 80 6 6 7 41 8 65 9 34 10 14 11 100 12 65 13 72 14 80 15 53 16 43 17 89 18 50 19 67 20 9 21 7 22 74 23 42 24 20 25 65 26 82 27 27 28 37 29 41 30 5 31 17 32 41 33 62 35 19 36 95 37 90 38 46 39 31 40 65 41 67 42 67 43 67 44 74 45 44 46 21 47 84 48 54 49 39 50 17 51 1 52 68 53 78 54 22 55 91 56 48 57 98 58 87 59 82 60 82 61 38 62 42 63 3 65 30 66 31 67 55 68 30 69 8 70 91 71 23 72 89 73 82 74 27 75 64 76 20 77 64 78 43 79 7 80 98 81 50 82 66 83 100 84 29 85 29 86 52 87 98 88 79 89 50 90 77 91 79 92 91 93 16 94 26 95 19 96 28 97 71 98 91 99 45
 35 64 99 0 27 1 49 2 30 3 40 4 96 5 56 6 82 7 14 8 23 9 48 10 59 11 85 12 3 13 9 14 85 15 25 16 45 17 28 18 99 19 68 20 64 21 48 22 14 23 8 24 41 25 2 26 1 27 6 28 20 29 94 30 23 31 89 32 8 33 9 34 47 36 3 37 81 38 28 39 63 40 10 41 34 42 96 43 94 44 88 45 2 46 40 47 24 48 39 49 43 50 59 51 58 52 95 53 22 54 33 55 92 56 63 57 57 58 75 59 89 60 3 61 72 62 21 63 99 65 43 66 88 67 47 68 30 69 91 70 36 71 12 72 56 73 85 74 37 75 80 76 88 77 43 78 97 79 29 80 38 81 84 82 91 83 88 84 19 85 90 86 4 87 72 88 77 89 40 90 22 91 92 92 20 93 75 94 80 95 35 96 22 97 94 98 61 99 21
 36 64 80 0 10 1 85 2 32 3 66 4 3 5 63 6 97 7 24 8 56 9 40 10 96 11 83 12 8 13 96 14 34 15 43 16 1 17 47 18 100 19 39 20 27 21 5 22 31 23 93 24 38 25 46 26 18 27 25 28 45 29 70 30 31 31 61 32 93 33 73 34 90 35 31 37 31 38 11 39 82 40 39 41 41 42 41 43 58 44 81 45 78 46 88 47 50 48 2 49 18 50 6 51 28 52 14 53 8 54 5 55 93 56 22 57 7 58 32 59 92 60 92 61 36 62 41 63 47 65 97 66 17 67 27 68 60 69 16 70 32 71 10 72 56 73 31 74 29 75 81 76 7 77 30 78 90 79 94 80 86 81 85 82 28 83 99 84 7 85 56 86 14 87 90 88 58 89 23 90 100 91 53 92 52 93 91 94 31 95 31 96 99 97 43 98 5 99 53
 37 64 51 0 66 1 89 2 92 3 10 4 8 5 6 6 49 7 43 8 26 9 28 10 93 11 67 12 55 13 13 14 38 15 29 16 32 17 33 18 16 19 93 20 48 21 42 22 90 23 69 24 12 25 19 26 47 27 60 28 28 29 2 30 72 31 27 32 60 33 23 34 55 35 92 36 17 38 36 39 25 40 34 41 70 42 9 43 55 44 51 45 11 46 89 47 76 48 82 49 49 50 16 51 91 52 83 53 88 54 50 55 89 56 96 57 88 58 86 59 40 60 6 61 51 62 85 63 22 65 3 66 2 67 18 68 66 69 95 70 87 71 70 72 5 73 3 74 18 75 78 76 28 77 98 78 62 79 19 80 88 81 91 82 84 83 86 84 24 85 59 86 31 87 52 88 40 89 49 90 54 91 93 92 97 93 88 94 23 95 7 96 54 97 44 98 69 99 40
 38 64 26 0 77 1 75 2 44 3 46 4 67 5 2 6 86 7 93 8 9 9 40 10 66 11 86 12 46 13 77 14 55 15 5 16 84 17 50 18 46 19 5 20 79 21 12 22 12 23 28 24 48 25 40 26 96 27 88 28 66 29 40 30 47 31 52 32 78 33 12 34 53 35 69 36 27 37 54 39 22 40 25 41 27 42 39 43 87 44 1 45 96 46 78 47 42 48 49 49 32 50 78 51 49 52 91 53 48 54 62 55 70 56 55 57 91 58 44 59 73 60 5 61 26 62 80 63 26 65 28 66 81 67 44 68 46 69 61 70 34 71 66 72 92 73 75 74 17 75 81 76 14 77 45 78 41 79 60 80 63 81 73 82 80 83 92 84 94 85 4 86 64 87 80 88 17 89 7 90 33 91 27 92 53 93 40 94 62 95 19 96 10 97 57 98 44 99 42
 39 64 45 0 54 1 62 2 76 3 80 4 28 5 72 6 78 7 32 8 16 9 86 10 42 11 93 12 68 13 48 14 33 15 49 16 30 17 18 18 47 19 16 20 13 21 9 22 93 23 80 24 61 25 80 26 47 27 60 28 96 29 15 30 84 31 69 32 9 33 92 34 58 35 5 36 91 37 11 38 51 40 40 41 95 42 13 43 5 44 55 45 63 46 3 47 31 48 61 49 93 50 82 51 46 52 9 53 6 54 100 55 46 56 33 57 28 58 37 59 21 60 68 61 11 62 48 63 60 65 16 66 34 67 24 68 51 69 41 70 85 71 72 72 43 73 70 74 16 75 87 76 63 77 58 78 99 79 10 80 63 81 26 82 100 83 80 84 75 85 10 86 99 87 30 88 9 89 91 90 56 91 92 92 71 93 57 94 1 95 82 96 62 97 25 98 96 99 18
 40 64 20 0 8 1 57 2 49 3 59 4 6 5 31 6 45 7 23 8 92 9 77 10 37 11 8 12 25 13 26 14 90 15 36 16 53 17 76 18 37 19 47 20 47 21 96 22 68 23 69 24 12 25 25 26 83 27 7 28 12 29 96 30 70 31 25 32 61 33 22 34 12 35 9 36 56 37 4 38 82 39 32 41 91 42 83 43 13 44 32 45 73 46 39 47 16 48 15 49 26 50 30 51 94 52 48 53 13 54 46 55 48 56 11 57 82 58 67 59 32 60 9 61 62 62 95 63 73 65 15 66 64 67 62 68 54 69 10 70 22 71 40 72 29 73 57 74 56 75 28 76 91 77 37 78 66 79 89 80 14 81 94 82 50 83 29 84 87 85 69 86 60 87 3 88 30 89 35 90 39 91 93 92 37 93 19 94 63 95 88 96 97 97 38 98 21 99 100
 41 64 89 0 52 1 39 2 25 3 93 4 40 5 95 6 64 7 49 8 79 9 58 10 4 11 51 12 53 13 87 14 33 15 40 16 13 17 91 18 2 19 16 20 91 21 51 22 67 23 56 24 10 25 33 26 93 27 28 28 31 29 75 30 95 31 83 32 71 33 40 34 67 35 50 36 57 37 59 38 99 39 71 40 28 42 25 43 29 44 38 45 20 46 52 47 96 48 10 49 16 50 7 51 64 52 75 53 93 54 66 55 38 56 14 57 47 58 42 59 51 60 27 61 21 62 26 63 77 65 49 66 65 67 68 68 15 69 65 70 41 71 95 72 84 73 94 74 84 75 57 76 27 77 15 78 2 79 21 80 11 81 85 82 6 83 76 84 16 85 83 86 51 87 71 88 32 89 100 90 73 91 77 92 47 93 83 94 47 95 13 96 70 97 62 98 94 99 61
 42 64 54 0 41 1 64 2 37 3 7 4 65 5 73 6 60 7 30 8 33 9 90 10 54 11 69 12 80 13 20 14 13 15 44 16 12 17 34 18 99 19 74 20 68 21 95 22 30 23 17 24 70 25 90 26 66 27 14 28 42 29 70 30 3 31 2 32 74 33 52 34 50 35 80 36 36 37 83 38 88 39 96 40 91 41 39 43 95 44 83 45 78 46 81 47 10 48 47 49 22 50 93 51 85 52 78 53 31 54 24 55 32 56 93 57 41 58 6 59 94 60 53 61 18 62 35 63 66 65 80 66 55 67 72 68 56 69 100 70 81 71 96 72 70 73 32 74 72 75 11 76 88 77 7 78 72 79 87 80 71 81 36 82 82 83 67 84 94 85 74 86 88 87 35 88 52 89 44 90 64 91 31 92 92 93 74 94 3 95 63 96 7 97 31 98 77 99 13
 43 64 83 0 15 1 47 2 1 3 2 4 65 5 29 6 97 7 10 8 40 9 15 10 44 11 26 12 23 13 8 14 98 15 61 16 63 17 38 18 22 19 27 20 51 21 22 22 54 23 42 24 46 25 40 26 49 27 1 28 92 29 46 30 59 31 67 32 48 33 98 34 70 35 81 36 15 37 11 38 79 39 32 40 64 41 14 42 11 44 93 45 22 46 33 47 95 48 36 49 81 50 10 51 19 52 88 53 35 54 53 55 72 56 79 57 57 58 52 59 9 60 13 61 40 62 36 63 16 65 38 66 79 67 25 68 81 69 6 70 4 71 96 72 82 73 97 74 18 75 42 76 36 77 10 78 49 79 15 80 26 81 52 82 40 83 49 84 65 85 32 86 76 87 9 88 92 89 52 90 39 91 37 92 24 93 95 94 72 95 67 96 56 97 39 98 45 99 19
 44 64 8 0 40 1 2 2 66 3 73 4 56 5 54 6 54 7 19 8 79 9 5 10 80 11 17 12 68 13 5 14 29 15 52 16 4 17 47 18 22 19 52 20 18 21 10 22 45 23 16 24 42 25 78 26 3 27 96 28 51 29 53 30 34 31 10 32 16 33 57 34 22 35 28 36 26 37 89 38 36 39 90 40 28 41 66 42 78 43 48 45 74 46 4 47 41 48 69 49 20 50 30 51 54 52 73 53 65 54 12 55 28 56 30 57 58 58 8 59 89 60 2 61 49 62 6 63 77 65 24 66 92 67 48 68 13 69 5 70 93 71 49 72 100 73 28 74 86 75 86 76 40 77 30 78 56 79 64 80 15 81 94 82 28 83 38 84 70 85 62 86 52 87 13 88 5 89 7 90 17 91 14 92 90 93 82 94 84 95 34 96 14 97 81 98 37 99 41
 45 64 31 0 31 1 68 2 66 3 32 4 71 5 64 6 95 7 4 8 47 9 79 10 52 11 65 12 86 13 14 14 26 15 33 16 76 17 33 18 15 19 72 20 1 21 22 22 71 23 98 24 53 25 60 26 91 27 52 28 86 29 75 30 65 31 43 32 28 33 3 34 74 35 22 36 66 37 10 38 52 39 27 40 41 41 37 42 76 43 5 44 72 46 67 47 4 48 38 49 63 50 31 51 10 52 51 53 37 54 23 55 96 56 22 57 21 58 56 59 88 60 2 61 58 62 86 63 81 65 39 66 3 67 71 68 25 69 30 70 48 71 15 72 81 73 67 74 5 75 83 76 93 77 61 78 67 79 61 80 41 81 38 82 10 83 72 84 38 85 1 86 50 87 12 88 62 89 56 90 23 91 45 92 65 93 27 94 76 95 63 96 77 97 39 98 62 99 25
 46 64 38 0 10 1 58 2 9 3 62 4 17 5 7 6 8 7 80 8 42 9 99 10 5 11 21 12 33 13 78 14 79 15 73 16 58 17 59 18 24 19 64 20 5 21 20 22 80 23 46 24 17 25 51 26 95 27 56 28 35 29 67 30 42 31 11 32 43 33 65 34 3 35 63 36 9 37 93 38 41 39 17 40 52 41 17 42 14 43 52 44 46 45 14 47 21 48 42 49 15 50 42 51 92 52 100 53 60 54 66 55 12 56 19 57 34 58 30 59 31 60 32 61 86 62 35 63 65 65 72 66 66 67 72 68 37 69 19 70 55 71 49 72 65 73 83 74 90 75 75 76 37 77 75 78 41 79 13 80 71 81 54 82 9 83 19 84 10 85 75 86 32 87 68 88 56 89 89 90 15 91 23 92 40 93 17 94 99 95 87 96 3 97 18 98 14 99 31
 47 64 60 0 87 1 25 2 38 3 24 4 34 5 58 6 80 7 84 8 67 9 40 10 92 11 60 12 9 13 84 14 36 15 40 16 56 17 67 18 9 19 77 20 99 21 53 22 78 23 52 24 7 25 20 26 7 27 54 28 74 29 98 30 100 31 34 32 59 33 27 34 35 35 68 36 22 37 18 38 20 39 89 40 18 41 14 42 56 43 1 44 80 45 99 46 32 48 79 49 46 50 68 51 96 52 8 53 16 54 80 55 70 56 83 57 28 58 17 59 59 60 14 61 50 62 8 63 61 65 3 66 58 67 26 68 90 69 9 70 13 71 43 72 67 73 11 74 89 75 56 76 89 77 37 78 23 79 83 80 93 81 87 82 3 83 66 84 13 85 15 86 46 87 9 88 54 89 43 90 35 91 53 92 63 93 99 94 48 95 1 96 99 97 39 98 25 99 39
 48 64 56 0 2 1 51 2 27 3 79 4 92 5 97 6 23 7 80 8 55 9 4 10 16 11 66 12 83 13 96 14 90 15 96 16 65 17 57 18 69 19 54 20 42 21 57 22 48 23 59 24 56 25 97 26 23 27 6 28 14 29 93 30 76 31 50 32 92 33 47 34 51 35 62 36 88 37 33 38 77 39 47 40 85 41 71 42 3 43 15 44 43 45 71 46 56 47 30 49 7 50 12 51 62 52 92 53 24 54 13 55 8 56 9 57 20 58 1 59 63 60 96 61 85 62 77 63 52 65 8 66 5 67 10 68 42 69 78 70 64 71 92 72 38 73 54 74 27 75 54 76 74 77 21 78 3 79 72 80 90 81 48 82 18 83 33 84 13 85 2 86 12 87 32 88 18 89 3 90 9 91 50 92 83 93 85 94 91 95 9 96 11 97 73 98 62 99 59
 49 64 73 0 19 1 76 2 39 3 54 4 78 5 7 6 88 7 78 8 19 9 28 10 93 11 26 12 43 13 74 14 99 15 100 16 47 17 31 18 89 19 73 20 15 21 38 22 41 23 74 24 91 25 27 26 17 27 46 28 67 29 61 30 43 31 4 32 52 33 6 34 7 35 16 36 81 37 39 38 16 39 81 40 20 41 75 42 54 43 94 44 25 45 49 46 76 47 8 48 93 50 90 51 13 52 76 53 41 54 35 55 38 56 85 57 81 58 34 59 86 60 27 61 60 62 37 63 35 65 5 66 86 67 74 68 6 69 37 70 37 71 82 72 36 73 80 74 34 75 18 76 49 77 60 78 56 79 76 80 65 81 81 82 69 83 82 84 64 85 19 86 12 87 9 88 26 89 49 90 58 91 51 92 90 93 29 94 49 95 67 96 90 97 41 98 40 99 88
 50 64 72 0 2 1 68 2 39 3 38 4 17 5 77 6 84 7 77 8 77 9 62 10 43 11 16 12 46 13 44 14 23 15 73 16 25 17 74 18 29 19 17 20 30 21 25 22 48 23 16 24 98 25 96 26 16 27 2 28 47 29 40 30 24 31 34 32 59 33 82 34 77 35 35 36 24 37 51 38 81 39 43 40 42 41 96 42 48 43 96 44 3 45 39 46 89 47 65 48 48 49 62 51 21 52 66 53 41 54 5 55 19 56 62 57 49 58 79 59 34 60 76 61 83 62 43 63 8 65 50 66 68 67 1 68 1 69 97 70 7 71 29 72 75 73 1 74 45 75 57 76 75 77 72 78 95 79 86 80 49 81 81 82 29 83 30 84 48 85 32 86 15 87 27 88 33 89 53 90 39 91 70 92 26 93 63 94 9 95 66 96 7 97 45 98 52 99 56
 51 64 44 0 55 1 83 2 74 3 26 4 87 5 43 6 20 7 100 8 85 9 97 10 88 11 46 12 48 13 91 14 33 15 37 16 43 17 97 18 85 19 58 20 99 21 97 22 70 23 59 24 95 25 89 26 50 27 78 28 43 29 45 30 94 31 10 32 56 33 58 34 10 35 6 36 85 37 89 38 44 39 11 40 72 41 25 42 31 43 99 44 8 45 3 46 57 47 3 48 64 49 43 50 88 52 49 53 31 54 37 55 20 56 21 57 30 58 6 59 66 60 48 61 65 62 10 63 43 65 70 66 50 67 45 68 100 69 30 70 75 71 16 72 73 73 24 74 89 75 46 76 36 77 43 78 20 79 14 80 24 81 69 82 47 83 13 84 99 85 87 86 80 87 17 88 40 89 7 90 19 91 57 92 96 93 90 94 36 95 99 96 21 97 38 98 92 99 18
 52 64 76 0 38 1 66 2 63 3 9 4 64 5 60 6 93 7 79 8 39 9 34 10 52 11 35 12 99 13 91 14 42 15 1 16 54 17 13 18 56 19 44 20 3 21 33 22 23 23 1 24 21 25 62 26 85 27 67 28 59 29 68 30 90 31 63 32 2 33 79 34 22 35 89 36 6 37 5 38 54 39 38 40 9 41 21 42 73 43 49 44 67 45 99 46 41 47 86 48 83 49 52 50 13 51 89 53 81 54 17 55 82 56 30 57 40 58 95 59 92 60 76 61 8 62 25 63 67 65 41 66 93 67 58 68 67 69 30 70 6 71 56 72 52 73 43 74 61 75 27 76 69 77 44 78 45 79 1 80 21 81 7 82 79 83 9 84 95 85 51 86 81 87 31 88 83 89 18 90 30 91 92 92 38 93 49 94 6 95 2 96 79 97 57 98 42 99 64
 53 64 10 0 54 1 16 2 48 3 34 4 71 5 83 6 91 7 93 8 56 9 38 10 18 11 16 12 63 13 3 14 77 15 68 16 80 17 36 18 17 19 65 20 85 21 46 22 38 23 79 24 35 25 49 26 46 27 23 28 77 29 48 30 43 31 35 32 75 33 58 34 49 35 89 36 62 37 39 38 25 39 100 40 15 41 50 42 3 43 19 44 4 45 50 46 75 47 93 48 94 49 87 50 43 51 57 52 94 54 100 55 72 56 82 57 21 58 96 59 86 60 16 61 71 62 49 63 31 65 42 66 58 67 74 68 39 69 34 70 16 71 11 72 11 73 67 74 24 75 95 76 49 77 33 78 95 79 3 80 78 81 21 82 56 83 95 84 50 85 51 86 61 87 36 88 16 89 35 90 6 91 48 92 86 93 1 94 30 95 64 96 56 97 52 98 71 99 13
 54 64 38 0 100 1 69 2 10 3 10 4 42 5 99 6 4 7 51 8 18 9 75 10 100 11 78 12 29 13 49 14 43 15 91 16 77 17 13 18 41 19 7 20 40 21 30 22 19 23 59 24 93 25 26 26 66 27 30 28 89 29 100 30 81 31 61 32 49 33 17 34 25 35 39 36 9 37 28 38 21 39 15 40 2 41 7 42 1 43 76 44 16 45 19 46 35 47 100 48 89 49 63 50 76 51 71 52 32 53 66 55 54 56 83 57 50 58 18 59 53 60 40 61 69 62 33 63 95 65 26 66 60 67 81 68 34 69 56 70 59 71 31 72 1 73 70 74 96 75 4 76 78 77 91 78 39 79 50 80 40 81 41 82 97 83 70 84 25 85 3 86 75 87 11 88 83 89 46 90 2 91 67 92 51 93 95 94 89 95 91 96 53 97 1 98 5 99 68
 55 64 19 0 91 1 45 2 73 3 6 4 16 5 26 6 76 7 25 8 73 9 76 10 25 11 13 12 69 13 12 14 43 15 16 16 81 17 55 18 47 19 55 20 70 21 100 22 14 23 23 24 34 25 95 26 29 27 69 28 82 29 5 30 60 31 14 32 85 33 79 34 78 35 44 36 29 37 8 38 88 39 47 40 44 41 55 42 93 43 93 44 75 45 27 46 71 47 66 48 39 49 18 50 85 51 95 52 51 53 9 54 1 56 77 57 49 58 21 59 42 60 4 61 21 62 7 63 88 65 72 66 32 67 37 68 38 69 8 70 66 71 26 72 94 73 29 74 50 75 67 76 68 77 20 78 94 79 62 80 50 81 75 82 77 83 53 84 67 85 88 86 60 87 25 88 92 89 81 90 99 91 87 92 42 93 58 94 70 95 74 96 34 97 18 98 20 99 36
 56 64 35 0 86 1 85 2 87 3 2 4 68 5 61 6 92 7 3 8 70 9 56 10 43 11 74 12 15 13 90 14 11 15 42 16 16 17 74 18 9 19 29 20 33 21 4 22 47 23 63 24 10 25 17 26 27 27 83 28 20 29 34 30 99 31 29 32 71 33 79 34 17 35 24 36 100 37 18 38 59 39 69 40 1 41 100 42 18 43 64 44 95 45 22 46 19 47 38 48 27 49 86 50 37 51 81 52 73 53 78 54 66 55 31 57 89 58 92 59 47 60 43 61 48 62 56 63 94 65 27 66 33 67 47 68 72 69 63 70 93 71 41 72 12 73 71 74 7 75 14 76 82 77 95 78 84 79 65 80 15 81 75 82 96 83 89 84 29 85 72 86 8 87 88 88 54 89 83 90 90 91 33 92 61 93 6 94 32 95 61 96 65 97 73 98 78 99 24
 57 64 17 0 62 1 21 2 47 3 46 4 65 5 96 6 72 7 51 8 96 9 77 10 92 11 64 12 9 13 6 14 7 15 80 16 43 17 24 18 29 19 85 20 14 21 82 22 66 23 69 24 51 25 76 26 80 27 78 28 9 29 63 30 31 31 70 32 1 33 93 34 35 35 42 36 77 37 64 38 36 39 95 40 40 41 5 42 76 43 36 44 95 45 50 46 82 47 10 48 49 49 48 50 45 51 39 52 5 53 41 54 31 55 63 56 19 58 23 59 54 60 83 61 75 62 92 63 98 65 11 66 36 67 28 68 38 69 17 70 33 71 75 72 44 73 52 74 65 75 5 76 98 77 94 78 18 79 97 80 31 81 26 82 64 83 61 84 6 85 55 86 29 87 15 88 39 89 28 90 16 91 38 92 31 93 34 94 65 95 84 96 81 97 37 98 93 99 20
 58 64 22 0 83 1 83 2 43 3 40 4 59 5 40 6 1 7 2 8 78 9 25 10 64 11 84 12 42 13 54 14 25 15 7 16 18 17 16 18 46 19 52 20 29 21 92 22 59 23 45 24 93 25 67 26 74 27 26 28 25 29 56 30 4 31 88 32 36 33 70 34 24 35 50 36 73 37 93 38 56 39 8 40 53 41 95 42 17 43 54 44 64 45 39 46 89 47 34 48 5 49 34 50 61 51 25 52 59 53 55 54 64 55 48 56 58 57 74 59 7 60 89 61 60 62 57 63 41 65 73 66 89 67 21 68 51 69 87 70 27 71 31 72 1 73 15 74 32 75 37 76 30 77 5 78 97 79 81 80 98 81 66 82 37 83 49 84 55 85 87 86 41 87 92 88 84 89 51 90 45 91 50 92 79 93 18 94 14 95 17 96 88 97 46 98 13 99 5
 59 64 92 0 47 1 88 2 16 3 60 4 18 5 5 6 99 7 43 8 7 9 93 10 97 11 33 12 63 13 42 14 84 15 32 16 95 17 4 18 61 19 71 20 90 21 11 22 20 23 36 24 95 25 80 26 60 27 9 28 25 29 78 30 60 31 37 32 35 33 33 34 32 35 43 36 52 37 39 38 98 39 52 40 76 41 35 42 9 43 92 44 99 45 75 46 80 47 27 48 38 49 20 50 5 51 30 52 91 53 29 54 56 55 21 56 1 57 35 58 28 60 48 61 68 62 21 63 28 65 100 66 41 67 49 68 71 69 70 70 16 71 14 72 4 73 84 74 48 75 16 76 98 77 40 78 19 79 32 80 38 81 35 82 69 83 37 84 68 85 2 86 98 87 36 88 68 89 47 90 79 91 14 92 49 93 83 94 58 95 79 96 55 97 52 98 37 99 34
 60 64 39 0 37 1 95 2 80 3 47 4 57 5 17 6 49 7 97 8 95 9 49 10 42 11 26 12 44 13 65 14 45 15 35 16 82 17 24 18 8 19 81 20 49 21 80 22 61 23 62 24 95 25 25 26 10 27 30 28 41 29 38 30 47 31 55 32 39 33 70 34 29 35 92 36 20 37 35 38 39 39 50 40 8 41 31 42 87 43 91 44 44 45 50 46 41 47 19 48 32 49 27 50 35 51 80 52 77 53 8 54 76 55 56 56 63 57 43 58 62 59 63 61 44 62 49 63 16 65 73 66 66 67 9 68 79 69 34 70 18 71 13 72 43 73 89 74 19 75 96 76 74 77 92 78 40 79 84 80 92 81 43 82 12 83 2 84 15 85 41 86 94 87 49 88 13 89 60 90 96 91 97 92 79 93 100 94 83 95 88 96 15 97 48 98 32 99 47
 61 64 93 0 95 1 95 2 4 3 63 4 37 5 34 6 44 7 7 8 95 9 45 10 100 11 89 12 45 13 85 14 52 15 41 16 45 17 79 18 39 19 24 20 37 21 80 22 60 23 29 24 25 25 22 26 65 27 87 28 30 29 77 30 74 31 18 32 35 33 41 34 72 35 43 36 23 37 43 38 18 39 48 40 42 41 13 42 90 43 29 44 75 45 8 46 99 47 9 48 39 49 23 50 64 51 76 52 30 53 63 54 20 55 57 56 87 57 82 58 36 59 4 60 98 62 90 63 62 65 79 66 35 67 63 68 16 69 78 70 76 71 80 72 23 73 57 74 61 75 34 76 7 77 10 78 46 79 15 80 13 81 88 82 59 83 94 84 76 85 55 86 46 87 63 88 84 89 23 90 34 91 76 92 47 93 91 94 57 95 65 96 88 97 68 98 88 99 35
 62 64 54 0 87 1 46 2 55 3 45 4 49 5 18 6 54 7 61 8 39 9 70 10 76 11 92 12 25 13 99 14 49 15 55 16 35 17 27 18 48 19 55 20 24 21 30 22 81 23 24 24 77 25 66 26 52 27 46 28 35 29 56 30 14 31 45 32 92 33 84 34 88 35 79 36 59 37 9 38 65 39 81 40 4 41 59 42 10 43 62 44 92 45 19 46 23 47 46 48 97 49 36 50 48 51 7 52 77 53 80 54 20 55 77 56 36 57 51 58 10 59 36 60 74 61 24 63 29 65 43 66 58 67 23 68 4 69 15 70 2 71 12 72 90 73 88 74 18 75 88 76 83 77 12 78 55 79 12 80 94 81 66 82 7 83 12 84 94 85 76 86 38 87 9 88 41 89 58 90 62 91 65 92 69 93 2 94 28 95 61 96 20 97 82 98 56 99 54
 63 64 4 0 81 1 63 2 73 3 72 4 55 5 66 6 32 7 48 8 7 9 80 10 69 11 34 12 28 13 18 14 35 15 38 16 93 17 50 18 37 19 12 20 23 21 60 22 96 23 44 24 77 25 52 26 80 27 62 28 57 29 44 30 28 31 81 32 25 33 55 34 35 35 41 36 42 37 99 38 25 39 87 40 96 41 70 42 63 43 86 44 60 45 61 46 67 47 63 48 95 49 91 50 62 51 15 52 8 53 44 54 57 55 30 56 86 57 78 58 98 59 23 60 58 61 65 62 66 65 47 66 38 67 69 68 44 69 87 70 61 71 53 72 21 73 29 74 45 75 54 76 63 77 12 78 65 79 98 80 35 81 54 82 20 83 81 84 68 85 74 86 3 87 10 88 29 89 12 90 74 91 3 92 58 93 23 94 89 95 22 96 76 97 78 98 1 99 12
 64 0 80 1 36 2 95 3 37 4 73 5 77 6 20 7 71 8 78 9 17 10 78 11 54 12 29 13 95 14 88 15 17 16 4 17 5 18 84 19 47 20 77 21 59 22 100 23 78 24 71 25 56 26 40 27 46 28 85 29 49 30 2 31 100 32 51 33 79 34 27 35 80 36 53 37 87 38 59 39 27 40 60 41 83 42 42 43 46 44 33 45 84 46 20 47 25 48 37 49 64 50 40 51 76 52 70 53 45 54 15 55 56 56 15 57 56 58 82 59 50 60 67 61 5 62 18 63 38 65 68 66 10 67 100 68 58 69 95 70 14 71 42 72 78 73 92 74 46 75 28 76 18 77 62 78 79 79 79 80 1 81 86 82 22 83 92 84 42 85 58 86 27 87 65 88 58 89 73 90 36 91 72 92 6 93 98 94 47 95 30 96 84 97 14 98 41 99 48
 65 0 72 1 40 2 53 3 11 4 31 5 6 6 97 7 44 8 97 9 5 10 92 11 42 12 3 13 65 14 59 15 45 16 74 17 20 18 99 19 30 20 74 21 48 22 86 23 11 24 9 25 47 26 100 27 1 28 60 29 25 30 11 31 51 32 4 33 65 34 69 35 24 36 62 37 66 38 25 39 78 40 56 41 47 42 89 43 22 44 76 45 6 46 100 47 28 48 18 49 49 50 76 51 17 52 70 53 85 54 96 55 59 56 42 57 33 58 26 59 32 60 15 61 50 62 90 63 52 64 77 66 44 67 84 68 12 69 5 70 35 71 12 72 82 73 63 74 15 75 76 76 92 77 78 78 28 79 33 80 7 81 61 82 4 83 37 84 54 85 15 86 100 87 86 88 98 89 38 90 83 91 1 92 71 93 90 94 56 95 18 96 93 97 84 98 76 99 58
 66 0 60 1 32 2 72 3 72 4 70 5 89 6 13 7 68 8 80 9 11 10 76 11 62 12 37 13 52 14 65 15 24 16 13 17 94 18 40 19 45 20 91 21 62 22 19 23 3 24 18 25 79 26 39 27 29 28 76 29 13 30 11 31 8 32 38 33 41 34 96 35 91 36 37 37 14 38 64 39 75 40 22 41 69 42 2 43 54 44 22 45 60 46 12 47 97 48 12 49 1 50 7 51 97 52 25 53 79 54 35 55 27 56 70 57 23 58 78 59 5 60 97 61 79 62 79 63 17 64 21 65 3 67 21 68 43 69 43 70 20 71 10 72 71 73 9 74 51 75 91 76 1 77 80 78 33 79 32 80 8 81 53 82 19 83 49 84 4 85 33 86 89 87 79 88 44 89 26 90 14 91 18 92 65 93 24 94 34 95 69 96 65 97 5 98 15 99 23
 67 0 58 1 6 2 49 3 45 4 48 5 85 6 1 7 61 8 92 9 26 10 45 11 53 12 66 13 30 14 63 15 32 16 35 17 37 18 12 19 79 20 93 21 79 22 73 23 42 24 35 25 13 26 61 27 22 28 54 29 6 30 13 31 74 32 14 33 96 34 68 35 11 36 9 37 70 38 4 39 29 40 89 41 37 42 10 43 90 44 54 45 57 46 80 47 12 48 38 49 14 50 16 51 6 52 87 53 32 54 93 55 59 56 68 57 37 58 56 59 58 60 58 61 40 62 65 63 54 64 33 65 58 66 42 68 23 69 37 70 36 71 64 72 87 73 98 74 54 75 53 76 6 77 4 78 17 79 96 80 81 81 76 82 43 83 22 84 69 85 39 86 47 87 100 88 80 89 50 90 6 91 78 92 68 93 91 94 88 95 53 96 16 97 10 98 7 99 68
 68 0 96 1 9 2 25 3 35 4 50 5 74 6 2 7 4 8 49 9 16 10 9 11 71 12 26 13 17 14 45 15 85 16 82 17 84 18 58 19 75 20 8 21 42 22 10 23 70 24 4 25 75 26 23 27 83 28 57 29 95 30 59 31 41 32 10 33 93 34 62 35 59 36 95 37 40 38 85 39 89 40 84 41 88 42 21 43 67 44 5 45 62 46 81 47 76 48 24 49 52 50 71 51 39 52 56 53 6 54 19 55 81 56 76 57 92 58 22 59 14 60 94 61 61 62 34 63 83 64 68 65 24 66 57 67 36 69 18 70 36 71 63 72 85 73 9 74 87 75 11 76 71 77 95 78 76 79 62 80 97 81 92 82 54 83 95 84 62 85 83 86 61 87 66 88 7 89 9 90 7 91 54 92 45 93 68 94 95 95 33 96 20 97 94 98 65 99 92
 69 0 53 1 72 2 82 3 34 4 88 5 96 6 64 7 70 8 93 9 80 10 79 11 6 12 69 13 87 14 75 15 75 16 46 17 53 18 8 19 6 20 25 21 98 22 65 23 77 24 74 25 79 26 57 27 52 28 34 29 23 30 90 31 3 32 81 33 26 34 67 35 99 36 76 37 88 38 12 39 47 40 72 41 76 42 12 43 13 44 42 45 82 46 55 47 43 48 33 49 73 50 50 51 97 52 12 53 65 54 25 55 30 56 93 57 25 58 63 59 94 60 57 61 14 62 22 63 2 64 24 65 14 66 8 67 63 68 18 70 79 71 25 72 36 73 32 74 94 75 66 76 14 77 36 78 79 79 67 80 73 81 5 82 9 83 46 84 4 85 9 86 44 87 28 88 98 89 38 90 90 91 51 92 15 93 60 94 13 95 56 96 91 97 99 98 43 99 14
 70 0 13 1 43 2 1 3 96 4 88 5 8 6 60 7 92 8 66 9 80 10 62 11 54 12 98 13 26 14 83 15 19 16 24 17 14 18 5 19 3 20 31 21 29 22 27 23 42 24 100 25 89 26 35 27 54 28 89 29 17 30 74 31 63 32 83 33 59 34 96 35 60 36 8 37 99 38 76 39 20 40 6 41 42 42 88 43 83 44 34 45 58 46 81 47 76 48 99 49 64 50 44 51 35 52 76 53 15 54 43 55 81 56 83 57 6 58 64 59 69 60 5 61 88 62 33 63 80 64 15 65 70 66 76 67 64 68 88 69 93 71 16 72 100 73 55 74 95 75 15 76 29 77 25 78 36 79 18 80 49 81 10 82 26 83 72 84 33 85 6 86 89 87 60 88 29 89 75 90 61 91 10 92 23 93 8 94 45 95 87 96 26 97 51 98 27 99 60
 71 0 32 1 85 2 8 3 32 4 8 5 35 6 82 7 97 8 73 9 80 10 4 11 34 12 70 13 63 14 10 15 8 16 13 17 20 18 98 19 55 20 24 21 34 22 21 23 83 24 42 25 36 26 55 27 55 28 48 29 61 30 67 31 43 32 64 33 22 34 35 35 85 36 71 37 83 38 38 39 9 40 86 41 9 42 67 43 43 44 65 45 47 46 95 47 49 48 90 49 18 50 82 51 52 52 18 53 42 54 61 55 69 56 61 57 20 58 36 59 100 60 27 61 34 62 60 63 82 64 66 65 52 66 27 67 9 68 46 69 60 70 59 72 20 73 13 74 92 75 13 76 68 77 84 78 35 79 70 80 52 81 26 82 7 83 84 84 71 85 40 86 90 87 45 88 21 89 25 90 73 91 30 92 88 93 83 94 46 95 80 96 29 97 82 98 86 99 27
 72 0 30 1 97 2 21 3 96 4 43 5 81 6 8 7 55 8 95 9 45 10 72 11 84 12 99 13 66 14 9 15 64 16 86 17 30 18 80 19 92 20 98 21 4 22 98 23 79 24 70 25 26 26 50 27 47 28 61 29 19 30 25 31 44 32 59 33 54 34 89 35 87 36 37 37 8 38 28 39 47 40 4 41 60 42 82 43 85 44 16 45 46 46 5 47 78 48 20 49 80 50 58 51 82 52 45 53 53 54 79 55 79 56 48 57 28 58 42 59 76 60 87 61 43 62 97 63 97 64 93 65 71 66 66 67 86 68 49 69 26 70 98 71 76 73 63 74 57 75 74 76 78 77 20 78 79 79 100 80 14 81 88 82 53 83 60 84 34 85 54 86 21 87 91 88 72 89 6 90 13 91 70 92 66 93 88 94 87 95 83 96 77 97 40 98 54 99 26
 73 0 62 1 20 2 100 3 26 4 81 5 11 6 49 7 16 8 92 9 72 10 97 11 39 12 85 13 42 14 35 15 41 16 82 17 32 18 25 19 15 20 12 21 23 22 29 23 78 24 63 25 69 26 36 27 89 28 92 29 46 30 96 31 94 32 100 33 41 34 97 35 10 36 2 37 9 38 90 39 3 40 3 41 42 42 93 43 27 44 68 45 92 46 97 47 46 48 27 49 38 50 16 51 16 52 79 53 25 54 71 55 99 56 6 57 16 58 31 59 52 60 51 61 55 62 100 63 30 64 11 65 23 66 87 67 33 68 47 69 52 70 12 71 80 72 69 74 57 75 30 76 75 77 48 78 41 79 86 80 91 81 51 82 79 83 88 84 52 85 67 86 29 87 30 88 29 89 54 90 84 91 3 92 15 93 30 94 74 95 23 96 2 97 96 98 100 99 49
 74 0 17 1 86 2 67 3 41 4 43 5 100 6 76 7 77 8 63 9 43 10 97 11 17 12 37 13 64 14 35 15 20 16 35 17 42 18 85 19 26 20 60 21 82 22 22 23 79 24 72 25 51 26 24 27 19 28 26 29 24 30 28 31 23 32 9 33 96 34 44 35 92 36 89 37 43 38 48 39 50 40 88 41 17 42 50 43 40 44 10 45 33 46 86 47 17 48 61 49 72 50 12 51 4 52 36 53 75 54 100 55 11 56 42 57 32 58 49 59 88 60 68 61 78 62 96 63 73 64 90 65 64 66 47 67 56 68 88 69 61 70 54 71 52 72 60 73 94 75 67 76 2 77 33 78 35 79 51 80 15 81 61 82 82 83 3 84 35 85 73 86 51 87 39 88 49 89 4 90 19 91 59 92 46 93 15 94 24 95 62 96 34 97 69 98 47 99 71
 75 0 48 1 55 2 63 3 31 4 36 5 40 6 99 7 100 8 12 9 71 10 27 11 60 12 20 13 19 14 17 15 4 16 51 17 59 18 18 19 54 20 42 21 57 22 60 23 48 24 4 25 20 26 61 27 62 28 9 29 65 30 53 31 86 32 29 33 35 34 47 35 43 36 79 37 34 38 33 39 77 40 10 41 51 42 53 43 83 44 99 45 70 46 43 47 4 48 16 49 84 50 74 51 14 52 22 53 55 54 60 55 21 56 69 57 81 58 57 59 25 60 17 61 6 62 53 63 7 64 76 65 75 66 80 67 8 68 54 69 28 70 17 71 81 72 15 73 44 74 96 76 20 77 71 78 52 79 26 80 16 81 44 82 57 83 94 84 79 85 43 86 33 87 32 88 58 89 73 90 87 91 97 92 66 93 71 94 39 95 5 96 81 97 53 98 5 99 87
 76 0 78 1 67 2 76 3 29 4 8 5 14 6 30 7 10 8 91 9 11 10 22 11 86 12 12 13 76 14 67 15 30 16 84 17 9 18 49 19 13 20 36 21 74 22 40 23 80 24 75 25 4 26 86 27 91 28 24 29 26 30 61 31 91 32 12 33 40 34 4 35 70 36 68 37 21 38 77 39 73 40 50 41 8 42 3 43 96 44 83 45 4 46 32 47 63 48 24 49 2 50 29 51 23 52 45 53 91 54 18 55 67 56 92 57 14 58 6 59 3 60 21 61 36 62 15 63 44 64 100 65 44 66 72 67 28 68 93 69 59 70 76 71 66 72 71 73 93 74 15 75 13 77 45 78 91 79 34 80 23 81 80 82 74 83 11 84 20 85 56 86 78 87 17 88 46 89 3 90 29 91 61 92 14 93 41 94 28 95 30 96 76 97 30 98 29 99 65
 77 0 57 1 63 2 2 3 72 4 33 5 16 6 65 7 5 8 56 9 66 10 81 11 75 12 7 13 43 14 94 15 51 16 94 17 81 18 9 19 6 20 96 21 42 22 60 23 33 24 14 25 36 26 16 27 20 28 74 29 60 30 25 31 31 32 10 33 91 34 36 35 6 36 45 37 76 38 33 39 9 40 43 41 61 42 57 43 18 44 76 45 74 46 60 47 63 48 91 49 95 50 35 51 74 52 18 53 85 54 77 55 75 56 33 57 46 58 29 59 70 60 87 61 16 62 74 63 64 64 44 65 83 66 85 67 74 68 75 69 63 70 43 71 100 72 48 73 1 74 100 75 60 76 69 78 58 79 60 80 87 81 51 82 41 83 16 84 4 85 47 86 10 87 86 88 84 89 2 90 89 91 6 92 34 93 66 94 99 95 23 96 42 97 42 98 12 99 13
 78 0 44 1 46 2 99 3 61 4 2 5 34 6 89 7 38 8 34 9 45 10 64 11 11 12 45 13 98 14 67 15 62 16 14 17 81 18 38 19 74 20 28 21 41 22 77 23 22 24 47 25 13 26 67 27 86 28 8 29 73 30 44 31 2 32 90 33 11 34 46 35 97 36 47 37 70 38 17 39 53 40 60 41 67 42 66 43 96 44 41 45 36 46 95 47 77 48 41 49 31 50 68 51 72 52 1 53 1 54 41 55 35 56 32 57 77 58 63 59 61 60 37 61 91 62 91 63 61 64 63 65 92 66 16 67 95 68 9 69 98 70 99 71 56 72 20 73 32 74 54 75 77 76 14 77 83 79 43 80 52 81 23 82 3 83 88 84 49 85 75 86 17 87 28 88 65 89 44 90 6 91 95 92 36 93 30 94 99 95 45 96 24 97 10 98 68 99 36
 79 0 38 1 6 2 86 3 4 4 54 5 57 6 60 7 67 8 23 9 19 10 51 11 100 12 89 13 5 14 77 15 60 16 67 17 69 18 24 19 52 20 71 21 44 22 4 23 64 24 96 25 71 26 70 27 4 28 54 29 30 30 67 31 35 32 32 33 99 34 29 35 17 36 3 37 43 38 6 39 60 40 42 41 57 42 12 43 69 44 78 45 21 46 95 47 63 48 62 49 89 50 16 51 60 52 92 53 32 54 4 55 59 56 58 57 54 58 27 59 73 60 91 61 18 62 77 63 85 64 62 65 69 66 66 67 66 68 50 69 62 70 94 71 48 72 9 73 19 74 90 75 65 76 70 77 14 78 23 80 26 81 2 82 75 83 2 84 91 85 16 86 78 87 96 88 79 89 80 90 39 91 75 92 84 93 75 94 39 95 25 96 60 97 85 98 14 99 45
 80 0 42 1 53 2 48 3 25 4 97 5 92 6 19 7 65 8 83 9 75 10 92 11 55 12 30 13 17 14 36 15 27 16 39 17 76 18 69 19 11 20 51 21 36 22 20 23 38 24 15 25 85 26 64 27 55 28 30 29 71 30 19 31 59 32 41 33 80 34 78 35 5 36 91 37 90 38 75 39 31 40 78 41 22 42 70 43 86 44 55 45 77 46 98 47 87 48 13 49 64 50 26 51 39 52 6 53 19 54 76 55 78 56 40 57 36 58 55 59 74 60 99 61 25 62 94 63 29 64 61 65 6 66 21 67 38 68 10 69 86 70 93 71 5 72 82 73 46 74 90 75 56 76 71 77 45 78 2 79 6 81 54 82 36 83 82 84 90 85 45 86 89 87 73 88 26 89 19 90 79 91 15 92 7 93 31 94 39 95 10 96 28 97 98 98 42 99 48
 81 0 51 1 68 2 62 3 67 4 50 5 22 6 27 7 3 8 36 9 21 10 86 11 75 12 98 13 30 14 22 15 50 16 91 17 77 18 58 19 84 20 85 21 82 22 85 23 93 24 32 25 29 26 71 27 97 28 1 29 42 30 11 31 73 32 36 33 55 34 32 35 15 36 53 37 12 38 94 39 27 40 4 41 67 42 97 43 86 44 7 45 47 46 50 47 88 48 51 49 8 50 45 51 28 52 9 53 1 54 88 55 26 56 46 57 88 58 59 59 39 60 79 61 97 62 59 63 90 64 75 65 39 66 31 67 76 68 55 69 34 70 89 71 30 72 98 73 29 74 48 75 79 76 61 77 79 78 41 79 25 80 98 82 86 83 43 84 22 85 60 86 77 87 50 88 95 89 2 90 19 91 27 92 25 93 26 94 57 95 7 96 73 97 9 98 31 99 25
 82 0 95 1 16 2 6 3 86 4 92 5 2 6 11 7 74 8 79 9 38 10 59 11 66 12 86 13 49 14 90 15 81 16 2 17 77 18 58 19 95 20 85 21 21 22 97 23 47 24 9 25 15 26 37 27 91 28 43 29 81 30 35 31 21 32 64 33 25 34 81 35 18 36 65 37 70 38 83 39 14 40 95 41 64 42 55 43 21 44 47 45 15 46 2 47 57 48 23 49 61 50 72 51 97 52 6 53 76 54 33 55 35 56 2 57 33 58 66 59 57 60 85 61 14 62 46 63 24 64 25 65 42 66 6 67 8 68 87 69 44 70 9 71 39 72 46 73 78 74 91 75 11 76 31 77 34 78 73 79 94 80 15 81 7 83 90 84 44 85 28 86 12 87 94 88 30 89 37 90 82 91 27 92 60 93 90 94 80 95 50 96 90 97 100 98 1 99 6
 83 0 100 1 65 2 28 3 42 4 84 5 89 6 3 7 33 8 78 9 44 10 40 11 100 12 79 13 100 14 22 15 47 16 19 17 10 18 37 19 39 20 68 21 74 22 5 23 19 24 69 25 62 26 8 27 76 28 71 29 6 30 48 31 86 32 88 33 61 34 84 35 25 36 14 37 49 38 77 39 44 40 46 41 49 42 78 43 50 44 6 45 77 46 39 47 7 48 67 49 20 50 56 51 96 52 81 53 86 54 94 55 21 56 43 57 55 58 50 59 11 60 43 61 81 62 93 63 10 64 3 65 17 66 76 67 86 68 1 69 69 70 19 71 88 72 25 73 74 74 62 75 77 76 43 77 75 78 80 79 87 80 62 81 54 82 61 84 64 85 48 86 21 87 26 88 27 89 57 90 11 91 47 92 81 93 5 94 37 95 58 96 87 97 55 98 13 99 3
 84 0 51 1 30 2 66 3 100 4 24 5 4 6 25 7 94 8 36 9 47 10 70 11 85 12 21 13 50 14 82 15 31 16 33 17 7 18 6 19 9 20 65 21 4 22 24 23 51 24 51 25 38 26 29 27 60 28 65 29 25 30 93 31 100 32 47 33 41 34 73 35 43 36 39 37 37 38 40 39 11 40 22 41 24 42 52 43 37 44 97 45 59 46 74 47 20 48 67 49 35 50 75 51 41 52 52 53 94 54 53 55 65 56 98 57 93 58 81 59 87 60 44 61 84 62 51 63 74 64 69 65 66 66 78 67 51 68 64 69 13 70 26 71 26 72 87 73 59 74 82 75 3 76 53 77 26 78 10 79 95 80 7 81 82 82 55 83 62 85 66 86 39 87 93 88 88 89 27 90 87 91 22 92 71 93 30 94 66 95 72 96 29 97 97 98 83 99 9
 85 0 33 1 67 2 64 3 46 4 14 5 7 6 47 7 50 8 8 9 1 10 99 11 65 12 36 13 67 14 98 15 14 16 59 17 43 18 45 19 15 20 35 21 61 22 29 23 10 24 28 25 50 26 4 27 64 28 49 29 88 30 82 31 47 32 100 33 52 34 55 35 76 36 79 37 82 38 71 39 70 40 71 41 62 42 35 43 25 44 68 45 81 46 73 47 23 48 78 49 66 50 75 51 41 52 28 53 34 54 80 55 63 56 97 57 95 58 99 59 53 60 36 61 82 62 97 63 94 64 55 65 61 66 51 67 62 68 23 69 86 70 29 71 94 72 70 73 59 74 76 75 11 76 21 77 70 78 2 79 55 80 91 81 71 82 32 83 69 84 81 86 32 87 10 88 27 89 67 90 62 91 1 92 22 93 28 94 53 95 19 96 48 97 36 98 56 99 17
 86 0 24 1 10 2 91 3 2 4 97 5 84 6 55 7 47 8 100 9 49 10 98 11 58 12 11 13 33 14 86 15 56 16 49 17 60 18 68 19 21 20 49 21 84 22 19 23 60 24 97 25 56 26 67 27 60 28 78 29 13 30 85 31 53 32 37 33 12 34 27 35 17 36 98 37 41 38 99 39 44 40 71 41 68 42 54 43 56 44 7 45 82 46 88 47 77 48 36 49 94 50 64 51 65 52 59 53 14 54 82 55 49 56 33 57 7 58 12 59 26 60 96 61 85 62 69 63 40 64 25 65 30 66 58 67 67 68 4 69 30 70 71 71 95 72 47 73 96 74 62 75 24 76 18 77 12 78 44 79 57 80 48 81 33 82 80 83 81 84 65 85 68 87 98 88 19 89 7 90 68 91 12 92 70 93 25 94 91 95 74 96 14 97 1 98 26 99 83
 87 0 12 1 70 2 87 3 5 4 63 5 92 6 50 7 71 8 4 9 25 10 94 11 97 12 32 13 25 14 42 15 55 16 56 17 52 18 46 19 39 20 2 21 74 22 78 23 81 24 25 25 79 26 9 27 59 28 68 29 47 30 90 31 12 32 53 33 73 34 98 35 37 36 14 37 99 38 79 39 26 40 16 41 22 42 16 43 30 44 10 45 11 46 58 47 23 48 82 49 75 50 70 51 44 52 24 53 10 54 54 55 42 56 75 57 30 58 63 59 61 60 80 61 12 62 31 63 3 64 9 65 70 66 93 67 14 68 56 69 19 70 6 71 92 72 19 73 14 74 32 75 41 76 54 77 18 78 66 79 32 80 89 81 25 82 82 83 38 84 27 85 17 86 13 88 31 89 40 90 60 91 46 92 46 93 39 94 33 95 33 96 82 97 90 98 67 99 28
 88 0 24 1 84 2 14 3 71 4 43 5 13 6 13 7 61 8 13 9 59 10 88 11 35 12 47 13 41 14 95 15 77 16 95 17 1 18 66 19 40 20 40 21 38 22 37 23 87 24 45 25 24 26 22 27 55 28 21 29 61 30 48 31 27 32 79 33 83 34 66 35 59 36 74 37 50 38 45 39 29 40 52 41 62 42 73 43 41 44 86 45 88 46 99 47 22 48 87 49 69 50 11 51 59 52 54 53 46 54 30 55 8 56 13 57 95 58 61 59 18 60 84 61 23 62 53 63 5 64 66 65 25 66 92 67 96 68 83 69 16 70 23 71 17 72 50 73 42 74 100 75 27 76 41 77 74 78 24 79 86 80 45 81 70 82 71 83 27 84 8 85 37 86 33 87 32 89 10 90 87 91 53 92 98 93 68 94 64 95 61 96 52 97 43 98 38 99 95
 89 0 24 1 52 2 9 3 90 4 47 5 56 6 76 7 12 8 60 9 80 10 91 11 3 12 52 13 25 14 61 15 87 16 81 17 10 18 43 19 94 20 66 21 92 22 20 23 17 24 68 25 77 26 49 27 13 28 76 29 21 30 49 31 68 32 78 33 95 34 93 35 85 36 8 37 22 38 57 39 73 40 76 41 1 42 18 43 99 44 1 45 80 46 92 47 45 48 32 49 1 50 27 51 24 52 29 53 40 54 54 55 95 56 97 57 50 58 5 59 13 60 85 61 54 62 42 63 74 64 17 65 85 66 69 67 7 68 89 69 76 70 70 71 82 72 6 73 20 74 36 75 44 76 70 77 98 78 4 79 75 80 26 81 78 82 70 83 9 84 2 85 50 86 3 87 9 88 2 90 46 91 50 92 66 93 88 94 52 95 22 96 93 97 39 98 67 99 93
 90 0 30 1 66 2 65 3 74 4 81 5 83 6 69 7 74 8 86 9 47 10 32 11 6 12 93 13 20 14 69 15 21 16 49 17 50 18 14 19 41 20 39 21 26 22 50 23 3 24 8 25 74 26 60 27 14 28 35 29 83 30 26 31 43 32 41 33 37 34 8 35 40 36 65 37 72 38 8 39 78 40 81 41 6 42 55 43 74 44 80 45 66 46 59 47 71 48 79 49 54 50 46 51 2 52 56 53 94 54 60 55 65 56 27 57 99 58 69 59 48 60 98 61 37 62 79 63 89 64 17 65 53 66 83 67 16 68 43 69 34 70 28 71 61 72 41 73 76 74 96 75 81 76 61 77 47 78 79 79 99 80 16 81 92 82 97 83 61 84 25 85 8 86 6 87 21 88 76 89 87 91 3 92 91 93 8 94 87 95 28 96 63 97 11 98 90 99 31
 91 0 16 1 51 2 44 3 38 4 61 5 37 6 3 7 31 8 2 9 79 10 89 11 69 12 27 13 97 14 88 15 27 16 97 17 21 18 27 19 61 20 77 21 4 22 14 23 40 24 19 25 98 26 56 27 68 28 63 29 14 30 23 31 70 32 37 33 51 34 77 35 7 36 27 37 24 38 41 39 95 40 93 41 11 42 70 43 44 44 4 45 58 46 9 47 82 48 57 49 60 50 66 51 100 52 28 53 61 54 40 55 48 56 21 57 93 58 69 59 62 60 46 61 95 62 74 63 43 64 12 65 52 66 36 67 84 68 74 69 75 70 73 71 7 72 45 73 21 74 61 75 11 76 95 77 82 78 41 79 88 80 44 81 74 82 59 83 39 84 64 85 48 86 14 87 5 88 68 89 24 90 78 92 70 93 11 94 71 95 93 96 68 97 79 98 6 99 65
 92 0 61 1 70 2 47 3 81 4 28 5 74 6 85 7 55 8 100 9 99 10 43 11 51 12 83 13 14 14 35 15 58 16 87 17 71 18 52 19 97 20 88 21 41 22 81 23 34 24 3 25 58 26 97 27 46 28 72 29 71 30 42 31 39 32 36 33 94 34 69 35 38 36 50 37 86 38 57 39 90 40 47 41 52 42 64 43 45 44 14 45 75 46 55 47 47 48 25 49 58 50 66 51 8 52 78 53 55 54 36 55 34 56 3 57 49 58 5 59 54 60 11 61 30 62 80 63 22 64 81 65 17 66 58 67 19 68 8 69 89 70 73 71 80 72 23 73 80 74 37 75 72 76 69 77 92 78 53 79 2 80 37 81 41 82 27 83 33 84 37 85 69 86 70 87 89 88 15 89 95 90 84 91 24 93 50 94 17 95 15 96 49 97 93 98 68 99 12
 93 0 8 1 38 2 63 3 82 4 75 5 48 6 30 7 70 8 84 9 58 10 71 11 36 12 65 13 84 14 43 15 95 16 45 17 73 18 5 19 70 20 61 21 48 22 90 23 74 24 18 25 15 26 76 27 10 28 75 29 2 30 61 31 14 32 9 33 60 34 22 35 4 36 6 37 2 38 90 39 65 40 35 41 28 42 95 43 13 44 96 45 96 46 64 47 14 48 65 49 49 50 100 51 9 52 81 53 40 54 94 55 21 56 78 57 72 58 35 59 3 60 55 61 1 62 29 63 5 64 42 65 9 66 23 67 3 68 42 69 57 70 35 71 57 72 66 73 45 74 79 75 60 76 28 77 58 78 13 79 39 80 85 81 7 82 7 83 36 84 19 85 4 86 14 87 31 88 58 89 5 90 20 91 37 92 21 94 7 95 20 96 24 97 49 98 45 99 30
 94 0 52 1 84 2 31 3 39 4 79 5 54 6 52 7 94 8 19 9 20 10 19 11 72 12 31 13 92 14 86 15 97 16 28 17 26 18 67 19 32 20 38 21 40 22 43 23 76 24 97 25 32 26 62 27 23 28 23 29 4 30 6 31 63 32 74 33 55 34 5 35 72 36 26 37 43 38 38 39 92 40 46 41 22 42 12 43 67 44 16 45 18 46 45 47 46 48 47 49 7 50 40 51 45 52 90 53 12 54 86 55 41 56 84 57 77 58 96 59 99 60 32 61 7 62 91 63 52 64 8 65 6 66 94 67 47 68 42 69 93 70 37 71 10 72 87 73 63 74 60 75 49 76 68 77 57 78 11 79 24 80 84 81 14 82 3 83 54 84 98 85 42 86 4 87 43 88 60 89 59 90 14 91 7 92 89 93 95 95 1 96 72 97 69 98 15 99 38
 95 0 100 1 10 2 70 3 31 4 12 5 89 6 17 7 32 8 40 9 67 10 8 11 58 12 52 13 52 14 35 15 95 16 16 17 78 18 65 19 94 20 49 21 96 22 66 23 28 24 94 25 96 26 48 27 75 28 80 29 20 30 8 31 48 32 51 33 67 34 65 35 93 36 55 37 28 38 18 39 3 40 87 41 98 42 31 43 6 44 31 45 81 46 1 47 15 48 12 49 39 50 10 51 52 52 35 53 46 54 44 55 99 56 6 57 34 58 55 59 8 60 60 61 39 62 48 63 51 64 47 65 8 66 8 67 97 68 66 69 53 70 33 71 13 72 67 73 27 74 17 75 99 76 21 77 48 78 70 79 15 80 74 81 65 82 77 83 49 84 10 85 45 86 4 87 23 88 29 89 46 90 20 91 89 92 1 93 60 94 68 96 54 97 88 98 100 99 96
 96 0 66 1 42 2 49 3 14 4 27 5 81 6 7 7 91 8 92 9 23 10 86 11 30 12 67 13 31 14 87 15 96 16 19 17 12 18 21 19 72 20 82 21 35 22 28 23 58 24 82 25 56 26 48 27 4 28 63 29 83 30 2 31 62 32 53 33 78 34 27 35 87 36 25 37 66 38 45 39 55 40 8 41 49 42 67 43 8 44 4 45 29 46 96 47 93 48 78 49 3 50 35 51 77 52 7 53 56 54 30 55 13 56 36 57 28 58 21 59 38 60 85 61 71 62 91 63 53 64 92 65 81 66 74 67 25 68 29 69 80 70 10 71 26 72 33 73 83 74 71 75 99 76 45 77 28 78 51 79 95 80 88 81 56 82 73 83 36 84 37 85 26 86 60 87 76 88 20 89 34 90 4 91 6 92 36 93 51 94 43 95 85 97 36 98 45 99 49
 97 0 41 1 46 2 35 3 90 4 87 5 46 6 17 7 61 8 57 9 85 10 80 11 16 12 89 13 24 14 33 15 9 16 97 17 81 18 33 19 83 20 22 21 30 22 5 23 50 24 38 25 36 26 57 27 35 28 88 29 59 30 82 31 23 32 17 33 77 34 64 35 88 36 42 37 88 38 71 39 29 40 69 41 6 42 7 43 90 44 34 45 8 46 88 47 52 48 95 49 56 50 38 51 63 52 89 53 90 54 92 55 1 56 41 57 40 58 43 59 6 60 50 61 77 62 90 63 83 64 9 65 56 66 73 67 27 68 54 69 8 70 20 71 92 72 26 73 21 74 42 75 71 76 66 77 68 78 13 79 20 80 82 81 75 82 51 83 90 84 87 85 92 86 88 87 4 88 62 89 6 90 42 91 42 92 46 93 67 94 38 95 66 96 68 98 13 99 71
 98 0 49 1 77 2 36 3 19 4 72 5 15 6 51 7 69 8 75 9 76 10 43 11 96 12 48 13 93 14 74 15 11 16 50 17 85 18 23 19 69 20 15 21 62 22 46 23 67 24 45 25 73 26 44 27 50 28 77 29 44 30 3 31 35 32 15 33 47 34 51 35 44 36 71 37 46 38 61 39 58 40 38 41 65 42 9 43 18 44 20 45 97 46 85 47 35 48 22 49 59 50 12 51 36 52 34 53 55 54 48 55 46 56 13 57 72 58 59 59 17 60 100 61 77 62 84 63 2 64 94 65 60 66 30 67 90 68 78 69 24 70 74 71 3 72 32 73 8 74 36 75 46 76 91 77 68 78 44 79 94 80 24 81 43 82 61 83 21 84 16 85 55 86 81 87 34 88 5 89 97 90 84 91 65 92 9 93 52 94 8 95 15 96 67 97 51 99 20
 99 0 24 1 92 2 96 3 7 4 100 5 11 6 27 7 67 8 21 9 13 10 18 11 16 12 33 13 7 14 85 15 23 16 2 17 15 18 23 19 50 20 79 21 83 22 89 23 28 24 45 25 17 26 81 27 19 28 54 29 87 30 41 31 100 32 8 33 79 34 69 35 7 36 68 37 7 38 99 39 36 40 46 41 4 42 74 43 66 44 30 45 54 46 96 47 17 48 43 49 78 50 24 51 69 52 85 53 75 54 85 55 29 56 43 57 58 58 23 59 63 60 46 61 31 62 64 63 99 64 47 65 100 66 51 67 5 68 67 69 48 70 37 71 59 72 80 73 61 74 85 75 100 76 77 77 95 78 91 79 9 80 50 81 1 82 35 83 25 84 65 85 10 86 27 87 79 88 15 89 51 90 88 91 6 92 25 93 73 94 21 95 19 96 68 97 49 98 10
