1 1
0 81 4 57 54 54 56 63 19 96 60 88 13 53 43 4 81 68 63 59 67 35 15 36 9 2 7 21 12 85 35 79 90 15 1 80 9 56 9 34 93 98 5 1 57 65 46 73 60 9 42 86 90 22 10 62 32 67 70 3 12 94 21 77 80 20 93 84 7 52 66 91 77 27 21 95 46 31 95 23 66 12 92 76 50 47 34 69 24 5 99 64 76 75 50 11 82 18 19 49 46 83 84 29 81 78 36 40 36 26 95 97 24 50 11 55 1 89 58 25 9 37 78 58 50 74 90 71 42 72 53 8 19 93 24 38 12 44 14 45 70 48 96 66 81 28 43 92 85 42 98 82 58 60 12 7 67 87 89 61 53 33 29 32 63 30 36 6 8 39 37 70 56 10 93 16 11 13 90 19 38 14 32 90 53 46 33 17 27 51 6 24 48 99 44 41 14 
1 4 69 68 11 46 25 54 4 6 93 90 34 26 100 81 2 17 35 57 85 61 16 2 78 66 43 5 82 55 20 28 89 92 80 22 33 86 64 20 14 84 21 71 60 7 90 48 48 32 58 35 2 74 26 10 97 53 33 18 58 82 99 24 15 77 51 97 34 33 56 94 56 30 6 3 75 67 65 75 28 63 64 56 42 65 100 73 55 40 28 51 16 8 67 95 60 31 6 29 84 44 88 98 92 27 16 37 58 0 48 58 28 79 56 15 72 85 46 87 14 89 33 76 64 83 79 47 18 99 61 60 57 36 69 91 2 43 15 52 21 59 46 16 54 21 25 45 93 93 54 23 92 88 55 80 25 19 85 38 54 13 5 25 42 64 6 70 96 9 16 14 97 11 60 78 87 41 39 72 48 49 56 50 93 96 76 69 31 34 47 39 70 12 84 42 74 62 27 
2 81 89 17 92 33 35 97 32 70 33 6 84 40 37 85 55 21 79 55 59 34 82 98 74 84 14 52 23 49 41 50 64 62 55 8 5 51 81 66 2 37 19 71 20 7 3 22 10 86 26 54 91 32 40 12 44 76 54 5 94 69 92 42 49 65 58 41 39 46 18 53 19 0 16 89 76 57 63 3 78 15 32 79 37 63 34 11 1 68 51 4 41 59 83 94 91 13 4 77 79 73 94 9 35 39 1 14 81 78 30 26 7 90 24 61 1 24 8 88 44 91 60 43 91 60 29 93 29 48 12 29 79 74 81 87 23 1 68 64 18 82 8 72 10 28 83 30 24 83 92 20 32 31 27 35 96 58 82 45 18 75 92 56 67 80 16 23 35 99 86 27 44 95 97 44 34 25 45 18 50 92 7 67 25 16 97 96 51 10 29 36 12 19 49 47 43 
3 28 88 92 55 60 15 44 9 12 36 76 3 94 58 30 36 48 78 65 62 1 84 99 32 7 82 71 57 73 7 9 2 17 10 81 58 82 46 18 64 51 47 63 7 52 41 86 11 67 80 79 37 45 59 85 8 13 28 77 45 55 83 83 39 43 93 97 86 56 77 25 37 93 57 29 26 96 90 32 94 6 79 70 92 50 2 4 47 68 30 62 26 53 97 39 80 10 42 26 83 61 95 34 58 98 1 5 17 80 5 8 84 37 60 84 95 27 16 58 51 41 26 75 18 11 25 2 17 42 34 46 24 91 18 16 64 90 8 31 32 78 98 15 53 72 99 69 57 88 38 35 64 38 18 47 70 87 81 21 5 49 3 0 86 36 75 33 67 95 82 66 42 22 79 57 39 40 46 24 29 20 40 14 89 23 81 74 85 19 56 54 75 
4 37 11 45 40 62 71 6 97 70 84 78 31 54 56 11 19 75 34 43 63 30 66 94 14 90 11 26 18 0 37 88 86 24 86 10 50 68 45 65 15 27 42 9 24 73 17 41 8 51 5 19 10 83 51 25 72 8 8 3 1 67 64 22 63 50 80 38 96 36 49 7 91 71 31 47 73 46 88 20 14 95 11 31 18 66 54 2 7 92 40 28 74 58 6 76 64 81 64 77 12 79 99 96 56 32 68 99 20 21 28 85 79 53 62 69 12 97 63 57 93 48 67 82 19 40 79 93 87 89 21 91 88 44 62 61 65 87 89 16 69 49 46 17 87 52 50 63 55 55 30 23 28 15 44 29 56 5 23 34 57 35 81 14 76 56 21 1 45 80 6 12 95 18 85 72 50 60 39 42 37 64 36 59 16 74 73 84 7 13 69 98 55 86 36 33 32 
5 84 25 20 34 53 76 17 94 81 62 99 2 35 98 11 60 18 76 82 55 94 28 30 3 79 71 15 5 9 6 73 92 88 24 85 8 21 90 25 91 48 8 10 61 74 68 0 72 86 18 22 6 4 25 96 63 92 7 28 36 50 44 83 43 19 18 23 90 87 57 57 4 43 52 8 66 1 72 41 40 46 57 56 52 12 98 76 3 54 12 61 87 6 64 91 27 27 36 47 83 59 34 66 45 31 69 80 5 49 78 60 9 3 20 90 81 55 53 69 37 78 74 38 16 58 12 33 78 77 15 62 10 36 53 29 27 16 36 13 25 44 19 24 36 2 52 34 89 89 4 68 71 64 71 65 56 39 93 98 8 45 43 67 45 93 87 42 99 95 22 97 84 7 1 52 43 70 66 72 57 37 3 75 8 63 55 26 26 32 5 14 33 71 21 51 85 
6 24 99 21 35 85 33 5 84 69 81 14 49 46 23 27 75 91 31 52 59 33 100 93 39 29 69 41 100 87 80 23 52 38 59 55 86 48 43 64 90 50 46 7 57 71 67 47 78 92 15 28 9 70 8 19 11 31 17 95 23 67 39 61 26 81 5 96 85 32 83 45 67 90 59 26 57 2 36 13 44 84 33 82 23 18 88 10 17 74 100 51 60 12 67 9 54 98 25 37 68 43 32 89 37 56 15 75 72 40 86 49 54 79 75 59 36 53 85 60 31 63 45 94 37 86 86 72 24 3 55 80 73 8 59 11 8 66 47 15 15 39 52 58 74 30 63 25 92 73 17 42 76 1 73 0 29 16 90 36 49 22 1 57 97 17 93 99 15 77 46 62 77 78 59 20 69 88 9 34 26 68 70 65 71 44 68 83 62 4 52 76 68 54 43 35 85 97 50 
7 99 73 35 20 9 9 73 46 1 90 65 62 23 58 87 57 30 93 94 68 45 47 56 10 42 25 12 26 76 85 11 56 28 66 92 10 49 85 26 67 93 70 29 5 38 9 97 87 33 6 4 9 68 3 17 31 81 70 21 84 6 42 70 1 2 24 66 40 83 29 69 65 5 6 18 29 82 38 51 21 25 63 47 25 24 37 88 97 0 15 64 71 22 91 86 80 71 44 62 57 78 34 63 37 20 87 31 79 91 18 27 1 34 76 13 90 59 65 3 57 8 63 37 19 96 64 44 73 19 81 58 71 50 51 32 36 80 68 16 31 52 52 57 8 54 79 41 100 60 9 40 21 53 55 85 73 84 20 61 38 10 91 75 96 39 80 67 37 74 43 90 51 77 23 55 59 72 65 46 68 14 39 79 74 36 23 48 2 15 32 89 76 95 57 98 82 43 35 
8 91 30 51 48 75 73 11 15 21 16 72 71 86 88 22 59 57 42 97 76 33 24 9 10 73 33 83 60 71 65 7 4 41 69 40 50 59 35 30 59 94 25 93 70 18 58 69 48 5 8 68 4 4 76 13 97 89 36 48 92 26 24 90 89 0 28 66 1 2 82 65 3 1 46 99 31 67 82 61 24 28 32 70 85 78 3 76 99 12 15 37 6 47 4 96 83 32 84 55 23 36 56 10 88 53 62 23 83 58 14 24 11 88 84 34 31 16 67 31 57 38 25 49 25 20 43 62 49 52 21 50 84 80 81 82 56 15 92 54 57 77 87 81 87 39 10 42 10 84 81 45 73 46 3 29 53 25 74 35 40 85 53 14 74 27 74 60 79 64 81 79 47 92 30 6 81 43 49 87 40 95 11 19 75 44 9 74 35 56 8 17 95 98 89 3 1 63 73 
9 30 27 94 37 53 28 51 2 19 19 0 16 64 23 48 62 4 17 58 54 23 51 87 55 84 93 20 61 18 49 82 30 91 42 42 80 40 54 92 54 10 51 86 67 22 51 36 93 81 32 17 58 25 30 98 35 34 49 71 4 8 39 72 33 96 31 32 35 49 27 11 20 12 79 50 21 1 8 5 34 69 36 37 91 55 52 15 56 31 12 95 40 13 60 59 81 3 99 44 10 61 12 52 33 54 28 6 94 43 73 35 53 85 57 56 88 80 75 45 87 73 29 66 38 29 47 62 5 7 66 2 34 39 100 76 41 21 50 60 84 75 62 67 79 90 59 46 61 88 41 57 97 78 72 70 30 68 9 16 35 93 28 65 41 77 54 83 97 89 93 28 72 33 5 14 39 24 13 41 93 47 25 63 65 74 18 79 75 27 65 97 49 99 89 26 95 38 97 
10 13 36 93 54 29 77 89 38 31 34 95 74 55 99 72 85 68 25 4 66 33 37 97 93 80 14 16 99 79 3 32 65 96 83 46 60 18 34 82 19 39 89 94 4 30 70 0 77 64 30 52 78 41 62 50 4 26 28 58 35 48 63 2 32 66 12 62 90 37 8 40 27 49 55 91 80 1 35 65 7 70 100 22 34 74 78 45 3 19 53 24 12 88 7 73 49 9 10 59 42 51 4 85 45 87 86 35 13 99 76 92 39 61 98 75 39 78 1 14 39 17 53 81 32 84 47 43 6 7 81 60 90 69 98 23 9 90 22 5 23 44 54 56 42 36 67 47 83 28 93 8 16 3 62 54 27 20 99 63 94 42 34 57 56 12 81 53 57 34 46 6 68 38 74 21 41 25 42 11 6 27 55 77 22 76 67 83 66 71 12 98 6 86 77 67 52 15 23 
11 44 15 28 43 3 75 50 41 66 52 2 98 90 33 26 75 95 93 31 6 21 84 39 99 34 87 18 73 82 53 29 46 93 93 55 22 58 91 72 23 6 38 70 7 52 34 19 91 63 28 99 99 62 84 68 55 17 72 25 51 78 89 14 77 96 37 33 24 97 37 36 4 77 42 13 51 27 2 51 28 87 63 23 79 24 35 86 99 22 88 37 30 75 75 45 55 49 84 20 36 84 87 56 16 47 23 9 31 53 93 61 87 79 2 30 59 94 85 42 45 1 89 40 92 16 41 69 36 76 29 73 88 12 15 0 61 4 54 65 28 43 2 46 34 7 68 35 20 85 40 83 31 91 61 57 43 74 48 54 52 89 14 98 72 10 45 38 67 32 13 67 86 8 39 81 49 64 51 59 63 92 28 60 87 48 16 88 94 5 91 80 100 41 33 15 16 71 25 
12 27 28 91 29 1 25 65 11 41 54 90 56 26 49 82 34 38 13 79 4 8 39 98 12 34 63 28 10 92 2 44 21 30 81 94 98 0 59 64 6 77 2 39 81 55 57 99 50 4 33 68 78 96 49 32 96 20 91 80 21 16 8 93 77 29 11 24 54 6 77 25 40 89 11 5 41 69 34 75 34 11 9 52 93 71 51 7 71 57 96 47 45 81 31 60 83 78 50 14 25 85 1 66 21 67 21 74 94 61 98 87 60 42 40 33 79 97 71 76 61 19 78 36 56 56 44 31 65 10 28 40 16 95 14 2 19 43 77 83 80 63 82 54 48 58 46 50 14 49 30 23 27 59 87 72 13 86 3 35 56 9 15 48 95 13 60 73 57 15 74 3 96 21 57 51 79 84 12 46 13 88 98 53 46 17 89 37 34 18 64 22 55 70 87 45 41 
13 71 15 7 47 28 100 62 75 73 89 9 93 61 70 58 16 59 63 63 81 82 70 8 39 72 14 89 7 88 67 75 98 21 76 85 29 84 2 20 87 74 10 97 66 33 1 39 36 65 82 1 24 2 81 66 6 53 44 67 85 3 26 41 100 78 34 23 86 87 87 0 52 64 52 43 10 46 93 90 31 26 21 29 95 93 83 45 59 40 73 56 42 44 36 86 64 17 34 81 71 19 83 70 99 6 9 38 38 54 21 57 52 98 47 34 43 47 91 35 75 79 82 80 47 69 31 31 37 83 100 4 20 14 46 11 35 32 11 94 77 16 84 77 66 22 30 36 68 51 95 15 59 68 53 55 94 50 63 49 12 37 71 92 7 12 33 48 51 76 60 96 35 60 40 99 39 91 77 95 69 30 41 18 72 52 60 24 35 10 74 27 30 5 94 42 35 25 75 
14 84 90 54 68 70 13 85 62 21 37 57 59 49 36 24 93 88 81 63 83 28 13 29 7 93 4 90 76 26 4 34 75 98 14 7 36 71 15 47 3 18 6 95 96 31 83 53 17 76 79 16 34 80 4 69 83 5 67 59 47 68 9 41 6 50 22 46 27 48 93 89 91 25 87 3 80 65 57 1 69 96 78 27 27 91 70 58 52 30 15 74 30 10 40 79 84 73 81 83 32 56 36 87 89 23 62 97 49 44 4 77 95 66 65 75 53 11 17 22 95 42 1 72 65 8 69 38 19 45 78 39 53 20 77 36 30 78 42 82 73 17 95 12 64 9 26 92 67 35 61 86 58 0 48 40 1 62 99 94 17 15 37 19 53 99 68 2 10 13 46 60 81 37 55 67 43 43 17 55 45 64 98 33 1 51 58 61 77 81 70 4 22 32 72 
15 84 3 20 16 33 42 41 35 35 36 99 98 75 54 14 97 78 53 94 9 30 35 46 100 76 84 12 11 48 28 5 5 69 49 0 40 64 95 23 4 72 36 8 48 80 27 83 72 19 75 49 51 66 99 2 68 59 15 7 12 25 77 89 9 81 65 17 29 90 18 98 47 85 51 65 29 1 69 31 19 37 3 70 20 77 76 9 7 52 54 32 61 96 24 54 5 4 20 68 24 22 3 3 48 61 26 88 94 93 74 29 32 18 18 10 85 27 99 91 85 45 28 60 75 28 50 63 59 79 37 21 56 16 87 51 15 13 74 67 96 74 53 73 99 24 38 95 51 56 73 38 16 36 68 11 9 6 81 86 35 82 7 50 28 57 78 26 5 97 69 92 53 53 53 39 83 43 25 47 39 40 46 71 4 34 56 42 90 44 75 58 38 87 64 62 19 
16 35 94 99 89 3 16 67 41 31 29 54 58 57 2 25 16 26 22 90 48 97 100 33 73 24 81 88 4 70 14 6 40 32 33 96 7 17 55 81 74 30 47 83 15 20 83 84 87 93 20 71 46 7 86 10 29 76 73 12 30 64 61 0 54 8 55 42 60 14 65 78 81 28 34 92 78 5 48 15 16 79 50 73 85 34 8 80 3 61 58 22 6 86 42 39 11 41 23 4 51 68 43 43 70 51 72 23 88 46 99 45 70 66 88 50 14 62 64 85 84 38 45 60 86 18 60 82 29 37 74 75 89 13 49 11 48 40 77 9 51 19 98 2 66 29 37 53 47 48 73 52 5 27 60 87 57 36 48 63 78 49 48 44 94 95 94 98 83 94 97 1 41 65 77 89 84 56 95 58 9 21 18 91 59 47 22 55 71 77 22 59 74 72 25 74 81 69 36 
17 73 21 9 58 49 9 90 51 26 18 66 85 2 6 74 80 10 82 82 25 18 63 75 20 93 35 71 74 42 53 32 10 96 57 99 48 35 100 24 39 88 6 25 77 81 31 12 40 15 29 79 61 31 51 48 29 45 54 19 99 72 35 8 39 44 84 57 81 4 93 97 95 33 78 91 24 27 29 87 14 23 2 40 16 20 74 84 64 51 19 16 56 61 53 85 12 14 71 94 98 30 87 59 10 54 16 63 64 22 57 92 42 50 96 34 15 58 69 47 96 55 99 46 63 52 64 41 66 7 69 60 58 39 38 37 58 5 27 89 12 0 69 69 32 64 82 38 79 11 46 21 82 68 68 77 59 76 98 3 46 13 2 98 32 6 46 53 7 70 92 67 55 43 71 62 3 80 93 36 43 78 85 29 80 83 83 65 37 28 37 86 20 56 80 95 97 
18 84 98 20 50 90 17 42 93 37 84 45 36 59 52 99 39 35 75 9 86 73 77 17 37 81 11 12 24 76 62 22 40 79 77 15 90 41 42 6 52 14 70 78 69 64 63 0 37 83 39 19 72 38 12 36 9 34 14 33 48 97 38 47 47 16 47 21 58 85 33 43 83 82 78 93 66 29 84 25 16 57 21 56 45 58 94 39 89 55 20 30 47 94 6 72 2 74 90 1 41 65 85 2 79 4 83 68 39 96 28 46 68 40 6 75 15 71 58 7 71 54 15 69 58 95 69 27 39 28 13 67 94 53 14 66 56 48 76 44 9 62 31 89 14 32 30 86 75 63 8 51 58 88 17 98 46 3 29 23 14 26 82 70 42 77 100 92 98 61 99 91 76 5 72 60 64 87 70 10 95 24 18 8 27 13 7 80 67 50 52 52 23 31 25 11 82 49 72 
19 16 18 80 34 77 9 13 83 61 35 17 61 81 63 57 73 50 17 6 87 70 82 22 79 53 38 87 12 63 12 24 76 88 60 43 3 47 87 15 69 79 96 2 7 66 78 44 18 58 82 73 8 96 3 62 67 49 19 38 88 14 80 89 55 25 20 91 11 21 74 40 31 75 43 93 49 29 44 84 60 33 45 97 73 67 25 68 17 4 49 72 44 10 89 74 63 51 73 35 72 37 43 46 12 5 11 69 33 55 92 56 72 12 45 48 91 83 19 39 55 42 2 18 26 36 65 45 53 92 81 85 79 94 26 59 42 32 16 1 39 71 9 7 91 95 86 99 73 27 53 52 82 11 69 0 30 31 67 90 1 86 13 3 35 28 96 9 85 64 20 30 67 65 62 41 47 76 46 23 47 20 51 82 30 78 72 60 76 98 55 54 56 8 82 34 96 
20 11 37 38 58 5 79 69 15 84 93 68 16 96 11 55 60 80 55 46 22 6 41 70 15 30 54 94 27 23 25 87 16 15 43 22 81 61 15 17 99 81 26 42 19 1 62 65 46 67 62 12 78 76 19 33 4 97 29 91 2 27 48 37 65 43 5 9 17 73 54 52 98 7 32 54 49 39 40 60 28 21 22 99 4 35 57 72 92 64 88 0 12 45 8 40 58 57 73 59 17 83 67 28 54 92 7 82 41 89 88 25 28 77 2 13 91 93 75 63 14 78 64 36 58 95 73 53 92 71 90 16 79 66 88 79 20 3 56 32 42 44 7 50 16 14 44 34 43 56 72 86 37 49 56 85 46 8 35 51 11 24 27 75 16 10 11 90 53 2 80 41 6 29 50 31 18 26 98 88 38 47 86 98 90 4 1 18 25 74 98 62 33 19 30 58 9 48 42 
21 9 44 91 63 92 2 46 74 78 8 79 29 15 20 37 81 56 3 0 81 94 15 30 52 84 84 20 2 83 38 19 75 35 8 23 7 50 54 2 44 66 4 4 79 5 90 69 26 75 77 72 42 8 85 45 97 60 43 12 85 76 80 33 36 58 8 22 81 1 63 65 1 29 21 93 73 41 38 61 71 71 15 7 28 95 80 3 85 67 2 89 70 49 3 62 17 13 15 6 14 70 11 63 92 53 67 55 9 16 72 85 30 54 55 59 18 24 77 90 22 82 22 51 97 36 29 40 83 74 67 34 76 14 47 98 49 26 85 73 61 32 13 43 68 86 77 27 1 28 23 81 2 57 10 88 36 44 13 48 100 11 11 52 19 38 57 10 77 99 78 97 17 31 2 39 83 96 69 47 57 42 74 17 43 68 63 64 13 87 50 25 97 18 26 80 66 
22 50 46 58 39 64 28 91 82 27 59 95 24 53 23 85 54 21 82 46 44 79 79 15 73 11 2 4 56 17 10 81 24 89 50 82 90 18 52 36 6 39 7 83 83 19 43 87 77 60 17 77 25 48 39 67 37 40 98 26 33 90 99 72 75 8 92 62 62 71 36 7 57 45 96 55 16 2 32 14 58 78 52 73 31 29 65 93 86 34 86 98 70 61 79 47 21 38 62 57 56 30 7 6 68 5 43 37 22 80 70 63 72 97 49 56 68 99 51 24 92 41 10 54 63 92 82 51 21 31 66 49 50 32 27 10 11 20 23 28 62 44 96 35 8 96 73 25 16 3 9 69 75 13 98 42 49 52 91 68 54 65 89 86 9 1 96 43 11 76 81 23 26 84 65 0 85 66 79 33 10 16 28 9 52 12 74 88 64 70 87 59 48 94 96 75 83 
23 91 84 27 25 43 54 67 88 46 25 64 31 0 49 57 90 55 60 29 72 93 87 9 22 73 56 97 17 15 15 28 39 92 43 1 31 65 13 75 15 60 100 12 67 76 95 20 43 84 68 30 13 2 98 66 30 71 20 35 29 99 4 98 22 81 4 17 27 88 95 24 9 49 100 78 32 41 55 53 20 96 40 32 41 8 11 90 68 36 18 95 22 56 94 42 84 45 39 68 73 4 49 58 47 5 28 22 63 50 55 89 32 52 58 40 11 19 70 38 9 47 98 54 34 39 74 44 6 79 77 26 75 21 9 48 1 18 12 74 10 69 61 6 19 80 6 63 16 85 39 51 97 94 61 16 1 62 30 37 100 72 48 7 83 31 41 77 58 83 10 86 68 3 25 11 73 34 94 14 33 10 80 25 10 61 6 82 6 70 21 87 59 13 51 33 31 
24 81 36 41 69 25 94 89 28 20 34 84 97 92 63 68 94 88 33 67 42 48 54 60 21 42 42 46 49 77 84 13 17 40 96 73 28 16 42 80 51 47 46 97 91 33 36 58 36 76 12 31 35 95 86 85 55 6 45 70 80 56 40 55 42 30 47 69 6 78 66 57 81 18 7 82 14 64 9 0 32 53 25 44 23 22 7 10 50 74 73 35 8 37 45 45 55 83 48 19 18 2 63 49 11 63 45 61 46 7 82 72 38 54 55 75 25 91 41 87 3 79 94 15 71 38 61 90 84 27 24 52 84 17 86 4 52 12 100 51 52 28 75 26 57 23 12 62 80 34 37 1 41 3 77 43 18 96 25 21 100 11 3 59 2 98 7 94 99 93 97 32 77 9 24 36 77 29 17 14 83 86 36 39 14 50 80 5 48 66 27 99 19 
25 11 68 75 37 99 57 35 52 48 10 74 17 10 74 90 67 26 97 18 50 82 93 46 65 89 40 85 60 87 77 23 47 5 94 69 25 49 84 73 29 9 42 52 37 39 81 31 75 32 10 41 96 84 12 92 80 28 13 67 80 36 39 61 92 8 58 70 80 6 100 16 64 14 87 78 16 62 8 65 99 57 66 0 61 2 54 83 90 19 78 93 50 29 86 88 61 24 81 37 24 4 49 71 13 34 20 98 26 33 86 97 60 42 78 27 75 81 93 22 97 86 73 53 37 76 64 60 14 63 54 77 18 72 76 50 8 56 69 43 52 80 61 91 91 96 19 12 11 55 49 45 99 47 23 51 37 17 53 94 76 13 29 21 66 68 71 15 92 7 12 38 74 3 82 95 47 40 2 44 73 59 4 79 46 1 35 30 60 66 90 54 4 58 26 64 4 
26 14 42 46 8 71 31 7 95 92 14 28 67 81 100 17 81 25 52 89 36 90 58 64 16 50 35 93 8 29 29 80 56 16 38 88 72 24 14 22 30 31 32 95 20 36 94 70 20 6 66 87 79 23 55 61 40 63 60 57 31 68 55 85 75 53 14 51 5 27 8 43 44 42 22 94 51 30 81 62 92 99 29 35 82 65 3 37 78 33 41 49 45 44 13 56 42 54 29 83 42 19 27 66 61 69 72 5 36 3 28 52 95 12 24 59 97 20 20 48 62 74 86 10 12 58 61 9 100 34 92 84 20 98 44 75 89 77 63 4 2 41 48 73 43 21 4 15 97 60 9 82 54 18 93 67 31 72 59 39 78 91 27 40 76 45 63 76 3 11 15 38 65 55 44 47 89 86 49 8 100 32 29 96 91 79 10 97 95 13 1 2 75 78 76 1 65 0 48 
27 13 83 77 78 72 34 8 60 39 99 25 15 89 81 81 6 17 83 2 30 66 99 46 88 94 71 30 54 74 48 10 74 90 62 26 80 86 56 22 25 76 98 45 15 65 23 5 23 93 15 29 91 58 20 7 12 11 43 75 21 49 25 18 25 82 56 24 47 88 36 68 69 4 97 92 89 48 68 83 83 19 15 67 29 52 11 53 91 9 40 34 1 98 76 63 72 44 96 33 100 41 41 21 65 64 25 99 94 60 48 79 47 23 26 14 59 59 74 51 37 36 2 54 96 32 65 55 16 20 12 42 55 91 79 84 36 56 93 31 91 0 16 3 44 40 43 57 34 38 53 12 29 96 20 73 32 35 59 71 82 16 52 50 40 95 36 47 89 87 56 97 89 43 32 78 81 62 85 15 58 70 98 85 1 61 17 37 58 28 7 1 93 80 53 69 47 
28 61 78 37 27 77 37 13 49 71 22 7 94 8 78 72 67 41 57 49 37 59 12 84 72 20 48 89 44 25 54 46 55 83 82 19 24 38 31 40 31 6 36 70 12 55 7 82 63 18 41 97 83 33 18 32 17 76 50 12 12 26 24 50 44 10 99 74 73 5 88 81 86 91 3 27 100 80 89 42 1 78 33 48 87 21 91 85 89 65 16 1 64 23 32 22 1 86 46 93 37 29 44 68 23 57 99 45 34 39 94 15 62 79 38 34 33 75 46 54 23 47 68 94 22 24 76 63 62 53 14 14 19 35 23 9 98 62 59 64 43 43 36 90 26 30 53 98 10 87 31 3 29 95 60 92 9 31 86 73 29 96 96 60 60 44 22 11 38 52 70 58 93 66 10 88 15 16 55 0 7 99 69 51 79 2 82 4 43 67 65 17 53 69 20 36 77 
29 82 27 18 60 2 42 66 48 37 98 93 26 73 11 9 45 65 100 11 80 75 29 94 12 28 96 38 93 51 50 32 3 96 46 46 31 14 26 43 66 12 82 76 62 64 60 0 49 70 31 6 71 33 61 97 44 4 37 71 15 49 36 95 99 58 69 89 23 25 44 16 33 80 65 47 74 5 15 60 21 98 27 53 28 74 87 10 93 44 32 36 3 54 72 61 80 87 99 23 57 17 41 52 56 99 9 35 36 86 73 22 97 41 78 19 80 55 2 3 27 77 10 21 73 84 54 48 12 31 6 39 79 78 63 68 79 79 89 57 78 50 14 42 96 56 57 26 58 67 61 40 65 62 38 83 72 13 77 81 75 59 71 63 68 15 96 34 2 45 43 90 41 69 65 85 86 27 35 72 96 91 89 20 73 1 63 92 63 24 77 8 3 
30 22 61 76 88 84 74 20 90 66 7 63 56 17 67 51 78 35 50 98 68 58 45 79 59 28 24 45 35 94 24 64 26 0 35 75 48 11 57 32 96 78 89 14 51 46 39 60 30 43 77 54 92 85 97 21 53 97 75 70 84 53 58 72 19 8 61 27 69 91 44 26 39 90 24 77 56 13 16 5 99 9 52 73 50 82 10 68 58 1 58 65 91 87 64 23 12 83 67 42 28 74 94 88 34 24 30 71 22 48 3 62 22 39 44 95 62 93 41 57 44 89 84 40 98 67 3 50 100 7 43 96 45 86 30 33 41 44 15 59 7 31 42 29 21 61 78 3 15 34 65 6 49 49 68 41 8 25 33 80 59 15 22 37 93 69 69 10 70 19 12 38 32 99 28 92 21 56 9 18 90 81 1 47 97 36 69 52 63 12 48 55 50 4 58 
31 53 66 85 18 21 61 23 76 55 20 71 94 7 16 0 57 90 22 26 60 28 25 49 8 97 50 33 26 29 38 37 36 1 80 25 68 95 52 24 87 59 82 17 25 81 97 48 72 20 42 84 93 43 82 38 45 14 28 78 78 66 6 36 9 75 96 8 100 72 27 68 23 60 58 96 8 30 23 76 10 12 81 22 64 86 61 44 30 54 65 40 80 69 44 79 10 27 77 61 60 47 19 35 40 82 30 16 73 62 90 58 93 52 33 6 96 70 83 46 36 56 76 50 59 42 75 45 63 64 21 88 94 57 22 98 71 18 81 4 28 13 47 34 31 89 5 51 16 2 100 77 100 19 82 41 11 67 69 91 69 32 85 83 93 92 98 74 53 80 22 9 98 93 80 5 45 87 66 15 77 65 80 3 60 73 16 94 16 39 32 11 6 10 58 63 68 
32 6 65 61 32 1 8 41 50 83 42 34 62 98 4 42 88 40 24 62 47 39 90 35 66 99 74 80 75 16 3 95 33 31 42 64 48 51 89 45 83 53 8 28 89 78 6 86 80 82 25 18 87 52 61 93 88 29 17 96 89 87 25 23 30 84 40 20 44 9 14 25 1 89 86 75 72 11 83 50 87 63 93 88 83 44 83 38 50 58 38 60 87 71 74 79 54 90 47 26 26 27 43 91 98 37 96 43 97 97 24 33 51 54 65 8 18 55 56 57 34 67 10 36 5 56 58 76 61 73 74 2 31 14 69 72 72 81 78 15 17 24 93 0 7 70 24 4 26 85 4 65 14 7 61 59 81 12 70 21 72 5 80 13 62 46 68 3 8 49 9 92 62 77 15 94 86 30 76 47 10 68 20 22 77 17 60 69 60 66 4 19 5 74 45 10 7 48 43 
33 25 47 8 36 72 45 40 59 26 38 18 58 82 37 22 52 47 5 51 83 67 66 3 27 93 40 71 9 70 84 6 72 49 86 39 66 55 77 95 6 31 91 63 59 65 1 1 35 64 55 14 4 78 25 58 63 99 55 35 75 92 64 28 10 17 36 81 56 42 61 69 6 75 38 11 19 79 31 19 72 41 68 16 3 88 27 24 74 74 47 10 67 45 31 2 42 66 93 85 56 21 45 62 45 52 52 94 95 13 25 50 79 20 39 84 95 57 8 53 9 98 94 46 59 68 8 97 20 4 100 0 99 91 5 86 2 96 2 76 50 27 73 48 96 38 85 37 59 56 100 73 58 59 56 7 99 23 46 32 72 44 42 60 2 43 22 5 56 61 89 89 88 29 31 87 26 34 57 30 77 15 13 36 77 9 48 12 82 90 23 83 16 77 83 54 96 
34 57 20 9 31 73 33 41 53 1 37 65 8 96 72 8 76 72 72 98 47 66 68 79 90 15 35 0 26 64 58 87 29 23 8 99 47 35 50 29 19 93 3 83 11 69 48 5 56 4 20 81 58 17 6 48 97 11 66 75 85 45 52 7 25 59 71 56 84 88 60 62 88 94 18 30 15 60 52 52 70 76 91 12 53 26 68 10 88 54 6 63 48 50 14 33 44 78 42 25 30 89 19 38 43 36 79 37 50 6 87 22 77 43 67 49 45 46 5 27 15 91 31 82 89 85 9 92 28 16 62 32 97 19 92 70 37 84 84 40 88 77 15 55 96 67 58 58 19 31 51 68 82 44 1 20 46 13 20 74 40 42 74 86 59 97 80 61 99 18 81 24 87 71 98 28 84 53 27 39 40 14 70 90 27 21 9 95 99 51 50 2 77 
35 17 33 81 45 72 7 40 30 24 99 26 85 90 12 34 44 18 36 82 48 99 88 63 4 91 91 49 39 32 55 46 11 41 79 59 81 13 35 77 48 67 15 61 21 53 94 23 32 87 97 84 21 20 44 10 69 74 40 30 32 95 15 76 56 12 98 55 91 9 14 75 31 80 4 37 46 33 44 86 18 1 100 39 62 69 20 5 55 43 47 28 32 44 83 60 63 25 73 89 19 64 81 62 78 85 4 47 96 4 62 50 45 52 22 71 4 57 56 6 49 2 1 66 32 42 53 51 30 92 79 88 81 22 11 27 31 94 49 96 3 98 20 70 58 36 96 15 1 58 98 48 25 0 89 29 37 21 89 31 5 14 65 73 96 78 63 11 83 83 58 79 37 7 96 65 6 38 82 97 54 8 78 16 79 56 25 19 6 68 38 45 6 93 1 3 32 
36 43 29 27 100 95 65 31 11 21 73 85 82 69 40 5 92 96 67 24 60 88 43 76 81 12 12 6 41 40 11 16 91 75 72 11 2 62 18 58 22 42 48 63 30 66 4 72 22 10 1 74 81 87 100 13 68 77 35 99 91 35 6 73 80 9 53 81 63 93 55 29 11 60 57 26 12 90 97 92 90 50 13 46 68 1 56 38 7 33 28 97 73 7 43 71 6 4 28 49 25 86 86 55 67 79 17 15 31 51 44 52 84 39 61 84 87 45 10 82 72 34 62 3 14 94 22 41 45 37 37 64 8 17 2 91 29 47 76 78 66 8 48 32 86 23 31 14 77 65 21 56 41 28 64 80 71 68 32 2 42 53 41 59 56 67 57 57 31 70 24 25 52 89 1 19 1 30 39 0 22 98 3 48 1 83 71 22 19 54 36 20 71 44 59 61 7 
37 21 45 85 94 16 10 80 37 9 97 73 55 33 88 97 57 31 59 95 23 35 55 34 6 38 27 25 5 89 33 32 46 76 39 26 5 90 100 46 85 69 2 6 73 70 37 18 59 82 37 68 21 4 9 81 21 92 54 28 21 42 59 39 79 2 41 29 9 93 45 58 78 75 13 53 71 87 19 23 88 67 23 72 70 8 53 1 99 77 36 13 83 84 26 63 72 57 93 56 58 48 28 71 78 40 99 91 79 44 16 74 27 15 82 86 83 62 34 51 91 49 65 55 44 36 4 50 1 66 74 45 9 7 90 30 26 41 18 52 91 20 57 17 75 12 70 5 9 43 91 65 14 99 78 24 57 96 50 83 6 60 44 3 22 88 41 54 1 98 90 79 58 27 17 94 18 78 60 14 81 19 59 59 2 10 52 0 18 22 38 47 72 64 8 
38 7 23 23 32 87 78 48 38 16 64 80 15 52 51 76 38 21 13 27 1 14 6 78 30 88 16 74 37 10 23 37 50 92 41 28 81 70 50 63 28 44 81 75 15 11 10 53 7 90 51 43 16 58 28 36 39 65 52 1 50 13 96 69 69 42 92 0 74 64 90 59 49 57 85 95 87 31 40 33 91 97 70 50 51 49 86 19 82 93 45 66 9 62 6 34 80 98 95 51 14 79 89 32 53 72 15 20 69 39 61 4 74 54 72 41 57 25 35 89 73 18 40 35 39 30 85 3 41 84 27 85 63 12 94 99 52 82 13 77 3 26 41 61 47 94 44 73 89 96 28 29 13 6 96 2 69 40 25 8 82 86 67 24 45 46 62 56 89 60 2 45 99 71 85 81 54 9 87 67 27 91 74 68 90 55 64 15 94 17 38 5 74 
39 82 19 18 5 33 25 1 29 65 84 81 72 14 82 53 13 61 95 64 44 0 76 23 23 87 3 80 31 16 15 71 81 83 71 19 16 91 58 27 35 10 40 74 82 99 7 59 16 41 8 44 86 31 89 37 81 98 45 34 3 75 8 11 93 90 37 26 33 28 1 92 66 60 9 52 74 54 18 6 15 70 93 4 66 68 49 85 35 2 84 20 12 84 33 62 65 46 66 38 79 25 78 42 36 56 85 32 82 96 77 30 89 63 18 50 50 40 66 86 18 3 39 48 64 57 100 36 64 17 28 7 41 21 42 97 46 88 38 24 15 72 1 78 57 76 76 43 52 73 30 9 79 69 92 89 35 45 65 79 19 22 58 93 4 12 100 47 67 8 85 55 39 58 43 67 62 77 4 51 3 66 18 35 90 95 73 15 82 94 50 29 50 5 17 13 11 
40 69 8 93 89 29 52 44 61 28 32 92 31 1 67 65 67 80 69 10 19 74 61 59 51 86 20 47 32 15 41 57 48 48 26 98 60 0 46 64 24 83 60 45 53 51 32 6 48 70 60 8 95 72 33 11 84 33 67 97 94 46 88 66 70 2 94 37 10 89 25 25 94 13 48 77 43 30 7 94 1 73 36 9 18 24 67 95 2 21 45 85 44 7 30 54 71 58 40 50 24 67 48 3 70 91 32 90 94 35 12 76 56 12 86 23 3 87 25 4 21 68 91 39 82 53 44 49 20 18 55 5 11 84 22 56 50 61 96 14 68 27 47 17 86 78 39 26 53 22 97 82 29 99 50 19 93 62 35 63 26 41 76 42 21 31 48 71 83 16 6 43 65 32 47 34 61 20 20 52 55 88 80 81 3 36 10 38 80 79 93 55 26 96 98 75 37 
41 14 6 78 28 82 61 66 43 1 97 81 18 33 53 25 69 89 82 44 54 8 2 72 74 87 51 23 96 69 74 5 67 71 26 12 98 83 100 19 66 32 75 96 9 88 57 24 56 84 88 30 60 21 6 31 20 73 14 9 61 6 46 70 94 4 78 98 91 10 68 36 16 39 73 22 82 86 93 61 5 42 22 26 28 40 44 54 98 58 17 79 76 15 32 67 23 91 13 46 40 47 43 16 82 51 67 60 100 38 35 45 4 48 37 28 43 55 72 50 17 99 47 49 20 77 10 64 42 97 3 27 85 94 91 34 71 80 12 13 78 18 79 0 15 85 11 29 26 35 47 37 33 90 88 11 64 43 77 7 13 93 68 57 91 20 67 53 68 3 21 76 44 95 20 65 40 52 32 62 9 59 54 56 25 68 83 74 55 92 34 75 8 63 85 
42 79 25 33 48 97 41 9 44 30 97 94 83 22 15 86 9 93 58 29 95 74 48 6 46 19 36 83 17 89 7 25 20 52 25 35 89 99 87 91 34 27 3 11 39 26 20 90 92 13 24 77 98 1 43 28 10 92 77 38 21 78 31 87 61 23 91 37 51 85 24 21 85 72 47 8 68 50 56 12 41 76 86 63 81 45 59 36 92 56 90 17 67 69 18 24 95 20 24 2 77 53 43 96 89 44 73 43 23 67 27 82 8 18 45 60 62 41 6 64 9 51 25 98 82 55 69 49 49 95 54 34 3 39 97 31 48 61 93 46 98 70 54 48 81 58 48 57 68 68 93 14 14 5 1 73 69 47 2 71 49 16 15 81 46 10 61 32 64 59 95 62 32 75 62 66 39 3 71 0 31 40 21 4 77 15 42 7 3 80 2 54 54 88 92 
43 12 71 76 70 52 19 39 51 7 57 42 43 90 30 26 86 18 91 89 41 25 91 41 10 53 68 50 86 60 70 97 92 33 15 5 33 69 90 57 50 1 35 65 93 36 59 91 55 96 10 73 45 9 24 19 84 83 40 22 84 86 48 58 65 72 6 8 47 64 77 0 10 61 60 67 11 80 77 81 24 66 49 2 25 38 85 40 64 78 14 63 90 54 53 11 87 75 78 74 82 20 98 62 48 37 84 98 7 45 54 4 61 51 36 21 81 87 27 88 42 70 66 6 63 77 4 15 64 30 7 28 74 35 90 93 4 56 60 3 76 16 60 14 32 68 79 48 99 99 63 13 33 59 69 47 76 29 62 49 13 71 64 92 3 82 82 84 88 55 24 24 64 32 43 31 80 27 26 44 28 10 97 94 99 46 25 17 55 95 61 23 94 34 19 85 4 79 76 
44 78 51 90 97 26 42 50 24 42 59 37 13 83 42 19 48 72 100 8 1 62 100 13 21 23 67 67 71 3 7 18 37 82 40 30 9 94 11 63 70 0 42 64 56 51 24 10 94 74 28 55 8 70 35 6 99 91 17 89 9 25 72 16 73 80 81 41 6 1 76 57 98 69 60 5 49 92 77 34 81 21 15 85 96 31 39 39 91 7 14 71 24 17 37 46 68 73 5 47 67 96 98 88 68 93 53 38 23 68 27 40 75 22 51 60 20 84 17 79 17 35 59 99 77 49 62 45 35 54 89 36 7 4 26 59 21 53 6 81 24 75 3 77 57 52 27 43 83 56 67 95 33 87 84 12 61 11 25 86 4 66 16 14 17 29 72 2 31 48 67 27 43 32 61 65 56 24 55 15 64 28 20 61 64 20 9 97 47 58 83 98 64 76 58 33 14 9 17 
45 91 56 27 98 15 77 79 87 34 1 13 39 77 41 54 7 6 39 96 95 32 26 16 79 80 81 86 72 48 79 40 66 75 99 81 35 17 68 41 13 73 97 65 87 20 84 84 79 19 58 83 20 28 80 92 29 26 92 90 3 14 4 78 52 39 83 44 44 2 30 99 58 29 84 88 15 8 50 30 81 94 57 56 81 71 18 58 69 42 32 46 64 63 93 25 44 5 87 69 98 74 57 36 10 68 100 76 86 82 72 18 29 3 16 85 90 51 71 43 97 37 87 53 82 47 2 59 56 10 8 7 76 61 1 87 66 23 49 4 21 66 1 67 60 49 41 55 91 64 69 35 14 31 73 38 21 0 8 70 14 93 92 72 59 95 16 57 57 50 61 52 41 97 81 24 43 89 37 62 73 22 21 21 67 60 63 11 42 98 96 1 44 33 95 
46 65 20 89 39 25 40 70 49 27 48 91 37 83 90 19 82 75 70 11 24 88 26 24 35 55 89 17 3 95 58 71 18 26 100 98 85 34 45 41 26 99 9 74 59 10 11 49 34 58 44 94 96 76 9 12 67 42 1 47 61 38 59 53 21 20 43 13 38 2 91 54 25 73 19 9 76 64 75 0 51 50 21 52 66 45 59 21 22 22 30 23 74 87 6 69 100 5 20 37 15 96 88 14 45 44 1 57 27 39 25 48 92 18 7 29 38 93 91 15 28 72 73 97 97 40 3 36 31 28 73 68 48 63 93 8 80 66 4 43 37 90 19 78 96 79 4 56 85 1 49 61 6 31 75 80 70 67 99 16 60 85 58 82 29 59 17 60 68 35 70 81 68 4 21 86 34 3 10 92 74 33 41 62 99 32 72 51 32 6 79 7 20 84 5 77 9 
47 55 30 94 3 84 23 44 34 89 35 25 58 1 29 40 27 48 9 46 43 50 73 74 84 10 87 16 9 18 34 82 50 11 8 43 35 73 82 42 89 38 57 67 77 3 24 21 50 33 98 53 33 54 76 60 52 36 46 88 66 6 95 99 12 35 75 15 76 79 74 51 100 13 68 77 81 69 82 76 7 12 48 68 81 4 26 78 54 8 44 26 75 56 46 17 99 81 48 91 45 92 37 7 54 45 37 64 30 0 1 58 90 59 57 57 99 32 51 23 9 34 45 66 54 49 30 37 24 52 50 93 55 90 51 22 50 61 52 86 51 9 94 87 91 75 41 5 83 28 56 83 9 96 24 24 8 97 59 80 90 14 51 65 29 98 8 20 69 95 11 63 11 30 69 71 4 62 43 72 82 39 11 29 83 85 6 27 69 31 15 41 45 70 57 2 87 19 3 
48 33 90 97 37 81 46 17 20 10 4 74 98 32 94 96 84 40 24 36 77 39 27 5 27 69 11 34 86 98 46 47 49 28 22 92 52 93 82 29 41 31 10 95 28 35 6 99 29 80 23 94 93 30 46 41 12 87 99 64 30 3 56 67 93 26 7 14 9 78 67 4 55 85 28 21 35 44 43 77 70 13 21 84 47 20 8 19 90 83 7 71 37 62 99 9 59 12 61 76 13 11 96 56 100 53 73 25 92 50 72 38 19 63 73 91 51 27 23 42 13 52 38 45 90 22 16 54 10 43 36 68 89 61 60 86 5 24 26 55 19 6 91 18 39 23 17 90 37 57 3 59 1 65 54 16 30 89 12 0 90 58 91 88 2 37 58 60 43 49 73 79 46 66 68 46 96 7 66 2 74 73 95 70 44 82 14 15 77 51 1 75 6 72 37 1 66 8 35 
49 51 7 83 27 19 30 61 15 73 72 9 35 47 58 28 50 92 66 68 34 4 24 2 2 41 30 77 51 13 78 70 97 54 30 12 3 76 70 57 48 87 32 59 2 14 28 25 65 89 23 16 84 80 34 30 12 94 37 69 66 1 5 20 100 84 22 53 79 82 59 18 52 32 71 96 51 60 26 24 47 22 34 56 14 35 63 99 41 39 91 37 8 43 27 31 45 26 1 45 83 29 34 8 43 58 34 64 66 50 78 38 47 71 46 55 55 91 84 33 98 67 38 3 18 36 89 75 9 85 2 11 15 86 84 95 71 97 4 93 23 78 95 5 50 44 31 65 58 52 94 74 12 6 63 27 52 10 36 48 63 17 37 88 62 42 44 66 27 7 77 81 48 15 84 62 14 21 49 23 26 0 94 79 29 72 57 63 2 98 43 90 41 40 46 34 55 46 6 
50 31 88 95 58 86 53 9 3 0 47 64 91 24 57 36 4 44 85 98 51 34 49 69 61 5 17 49 50 11 84 75 85 55 78 85 62 21 45 37 52 40 90 53 60 90 88 26 24 47 63 60 3 13 59 77 70 2 75 66 11 96 9 25 10 80 50 87 70 23 28 62 48 94 42 30 42 59 79 38 55 91 75 12 35 41 68 57 60 39 61 6 63 70 51 28 31 79 32 15 55 83 50 19 23 72 10 45 96 67 34 42 74 17 34 74 2 58 28 33 79 63 76 82 88 1 59 43 69 81 11 88 69 52 15 7 1 99 52 8 14 20 40 76 15 71 51 14 80 68 32 3 93 27 20 92 68 22 48 73 96 16 8 56 59 10 26 97 26 18 65 51 75 54 40 46 2 93 87 89 91 4 77 65 99 84 19 35 13 78 13 48 79 32 38 61 2 
51 1 50 65 87 32 60 96 12 40 34 59 70 91 89 44 95 61 28 18 27 25 17 11 83 75 97 45 16 70 22 6 2 88 82 10 1 74 40 43 15 29 21 20 81 0 26 64 62 54 99 99 72 8 56 22 8 55 21 83 11 19 65 58 49 87 32 71 21 7 86 16 92 80 88 31 4 53 88 17 80 3 86 76 70 42 36 56 62 41 20 34 5 68 41 13 34 97 83 33 92 85 63 48 82 2 81 52 94 36 36 60 52 37 81 50 51 49 69 79 48 63 35 39 52 57 60 5 69 84 82 82 29 26 34 12 17 73 29 4 76 78 42 67 79 89 82 28 11 86 96 24 67 69 6 15 11 35 59 27 46 62 10 23 65 92 80 14 76 98 53 9 4 21 20 81 15 72 75 93 92 38 18 46 79 30 56 90 66 47 60 77 66 
52 97 13 33 62 0 53 40 27 21 86 23 30 87 3 51 60 78 98 10 39 74 10 6 70 70 57 44 61 98 76 34 76 43 27 18 79 93 79 29 37 13 42 77 67 16 20 27 82 91 59 5 17 57 60 88 30 24 13 75 70 11 2 58 43 41 94 3 5 67 44 76 60 30 92 47 1 61 73 36 84 65 29 1 33 92 68 28 73 20 70 84 9 83 51 19 82 68 42 35 79 55 74 95 68 96 89 56 87 25 94 7 36 73 100 62 7 49 6 46 15 42 68 22 86 38 36 48 63 4 40 14 78 90 63 86 14 26 4 39 33 8 62 32 56 59 72 63 75 81 49 71 39 17 94 64 8 50 97 60 90 99 56 80 51 53 83 9 16 54 40 12 99 82 58 15 89 72 95 94 62 89 74 45 44 69 88 37 41 66 63 79 47 2 73 
53 69 30 5 13 21 6 85 34 45 4 29 36 25 90 40 40 39 55 71 6 24 71 68 83 4 32 37 85 95 96 62 82 99 15 35 80 90 61 44 48 32 18 46 15 34 58 98 53 79 62 38 20 47 91 58 41 6 11 14 57 94 51 56 20 74 86 10 12 83 35 82 78 2 93 66 24 16 68 36 73 91 67 27 53 55 44 49 77 13 34 9 31 65 86 1 29 81 2 41 96 22 68 86 7 87 63 23 46 64 69 0 9 48 64 97 23 33 20 63 13 3 44 43 13 52 53 76 93 28 17 59 37 80 33 54 71 26 31 60 59 19 24 96 41 73 68 75 47 17 50 67 61 51 89 7 10 84 40 20 8 15 46 30 52 88 24 31 78 92 23 89 85 72 44 78 2 12 82 11 95 18 1 61 9 70 60 8 5 50 15 42 9 93 14 57 41 
54 1 53 65 51 69 78 5 1 86 74 22 17 15 56 40 98 35 93 99 76 2 46 66 92 30 64 21 21 85 26 74 35 10 39 19 1 83 93 18 44 82 2 13 66 77 24 51 42 73 52 9 2 16 31 11 88 75 3 41 30 34 36 98 39 29 23 58 11 81 7 39 89 26 26 90 93 76 41 12 61 23 39 56 85 59 60 3 90 38 55 45 68 88 51 7 75 71 50 50 97 42 89 48 45 68 77 4 96 32 85 47 59 28 73 46 45 6 70 37 76 20 23 61 88 64 24 57 55 95 18 70 80 8 59 27 93 89 83 0 74 24 16 97 35 79 100 55 21 63 20 52 99 25 30 36 92 91 64 78 71 60 13 53 12 49 74 84 92 96 33 62 86 44 18 43 4 93 29 92 20 67 83 14 12 33 75 80 49 72 15 87 52 94 2 31 86 
55 77 58 2 8 41 70 33 53 97 93 20 43 84 12 14 24 78 72 99 84 35 39 85 21 28 6 46 78 61 29 63 95 75 40 87 58 23 74 50 67 58 99 29 85 93 65 10 25 81 75 82 86 18 78 76 89 39 93 59 90 42 24 34 52 98 72 40 49 88 22 24 37 4 64 9 61 73 2 71 19 80 59 16 30 49 33 56 59 64 91 95 94 72 62 36 43 90 72 26 7 44 62 67 72 6 37 38 22 45 68 32 47 1 50 65 58 52 19 47 31 48 42 60 18 43 80 27 68 30 32 13 45 31 16 0 63 92 40 21 51 19 31 51 52 11 92 37 24 70 36 57 41 79 11 62 58 8 68 22 92 89 41 15 3 5 81 53 67 12 83 7 67 3 79 69 36 94 11 54 4 66 22 91 52 68 70 83 19 74 25 17 94 25 66 86 84 
56 20 61 84 17 75 76 11 37 33 32 97 40 66 91 98 90 34 62 95 4 15 19 22 46 86 79 36 60 77 6 13 84 16 77 80 1 53 77 24 47 88 92 57 1 28 26 92 86 9 17 73 66 52 36 18 71 82 88 63 75 49 59 72 83 25 97 32 24 96 20 76 25 94 66 30 65 83 45 19 81 44 96 23 4 38 8 69 83 5 82 0 61 64 52 70 14 6 17 55 98 45 27 29 7 3 76 81 71 43 33 41 3 21 65 62 9 35 52 14 20 54 77 50 80 74 54 68 85 31 75 91 16 39 70 61 86 51 73 17 3 78 28 47 18 85 36 37 6 46 52 27 54 59 89 40 100 8 66 2 54 87 23 65 100 71 43 48 43 99 11 1 52 12 33 42 86 58 15 7 40 10 62 90 42 67 4 79 11 93 55 4 97 60 88 89 59 26 6 
57 88 60 24 61 72 3 62 31 54 7 74 30 55 15 93 15 29 18 40 45 21 100 85 29 9 54 73 72 20 59 84 92 43 66 27 19 91 6 53 64 98 45 99 23 5 76 69 18 23 8 87 33 17 95 81 44 77 46 13 31 59 49 39 100 79 28 15 23 12 23 33 27 45 29 75 85 60 53 86 49 22 86 44 16 68 41 4 72 80 45 65 30 58 87 96 9 32 96 47 8 6 48 70 26 90 88 26 75 37 49 25 39 2 93 38 71 71 77 64 52 41 60 56 97 78 52 82 85 34 2 30 47 66 42 0 68 94 24 42 53 28 27 1 90 92 99 7 24 50 98 36 26 8 57 11 34 61 9 76 50 10 30 46 38 3 60 97 5 95 91 48 63 35 94 83 55 49 60 16 70 31 82 18 14 67 31 52 33 51 5 89 37 19 57 63 3 14 72 
58 79 36 15 23 55 43 10 4 74 68 66 70 20 69 84 82 60 68 45 46 64 62 0 22 21 97 29 42 25 71 34 32 98 76 56 64 18 98 82 58 96 18 6 57 70 61 75 47 11 59 24 59 12 86 3 18 67 25 4 6 68 82 77 27 19 63 86 61 22 70 44 81 26 41 91 12 27 47 47 44 33 11 50 43 17 47 37 90 62 47 38 70 69 6 43 28 57 9 23 84 59 32 54 25 92 73 53 75 65 67 1 49 16 27 46 94 72 51 48 8 94 62 35 44 95 54 63 92 7 3 89 13 30 40 36 43 5 27 90 30 80 35 83 1 41 99 71 56 87 11 13 83 99 71 51 14 40 69 93 59 88 87 52 82 61 30 85 17 32 65 42 52 76 42 28 39 81 16 9 11 73 20 2 26 97 37 14 30 78 60 31 40 49 34 
59 94 63 30 1 57 53 97 66 76 83 2 92 66 13 90 59 26 80 72 55 8 48 43 39 54 12 79 81 15 69 45 6 86 94 99 94 35 11 41 76 80 27 65 50 81 28 73 17 9 24 21 38 85 21 24 26 88 68 82 37 92 67 56 91 58 1 55 27 13 45 77 51 53 96 68 31 4 23 40 19 87 60 23 69 49 33 96 42 42 72 78 43 95 25 31 87 34 66 50 25 67 50 52 68 75 45 84 59 60 58 25 12 89 25 74 55 93 6 37 82 38 9 64 38 47 21 61 45 62 7 69 32 29 60 63 77 27 91 6 37 83 23 10 48 98 42 3 59 28 97 91 36 32 44 19 65 17 52 0 49 48 74 11 51 33 90 44 99 70 12 39 43 51 82 20 59 5 18 22 93 71 89 16 22 18 75 36 22 1 55 46 20 14 74 
60 96 31 32 30 48 39 22 16 86 79 70 7 6 52 12 87 65 61 1 11 95 74 9 41 73 100 16 5 41 61 85 58 50 74 46 40 99 84 35 35 19 42 7 68 67 60 3 26 52 8 63 54 8 16 72 26 91 44 2 16 66 63 77 79 13 24 87 51 40 36 58 57 30 16 94 83 4 24 68 5 64 88 0 19 39 57 78 5 14 77 55 14 29 82 93 12 69 78 84 78 74 35 62 80 15 72 79 48 36 30 61 34 43 83 56 20 33 54 97 94 82 83 98 38 17 91 38 17 31 56 24 68 89 34 5 61 53 92 75 4 28 18 34 78 54 59 26 87 21 56 20 53 80 63 45 33 83 2 25 40 59 41 47 25 71 94 44 7 92 93 18 80 81 64 51 1 90 82 42 15 11 91 10 73 76 47 37 80 49 27 57 6 27 37 88 81 
61 42 25 71 96 7 94 44 74 9 57 73 15 33 72 65 53 43 40 67 8 3 2 50 72 25 68 89 68 20 78 84 37 6 81 70 8 81 87 17 59 12 69 76 10 92 74 28 87 32 11 96 61 41 76 36 64 14 26 93 21 29 100 31 65 95 71 64 90 30 38 86 13 46 66 52 66 35 10 99 41 54 87 90 81 82 94 18 12 62 75 2 43 74 97 24 84 88 50 5 72 69 99 16 43 80 66 51 29 49 86 34 22 63 79 27 64 79 57 38 16 68 37 72 54 21 97 47 61 87 60 45 48 58 3 37 32 10 31 66 54 23 53 8 15 85 72 11 45 22 67 13 14 83 2 78 41 91 29 57 95 60 98 97 87 98 76 4 5 75 88 0 15 15 90 39 58 94 83 53 24 26 26 55 9 77 39 56 51 40 24 
62 87 46 60 82 76 30 36 23 84 34 20 97 82 26 49 23 69 97 5 53 34 80 98 33 86 34 22 85 48 52 85 95 21 72 46 14 99 48 35 18 70 66 29 99 93 46 80 53 16 92 56 44 38 16 68 74 8 12 72 80 14 19 9 29 73 16 32 24 81 35 17 19 13 67 15 54 7 36 28 4 92 73 0 43 88 98 26 53 90 84 10 73 74 65 25 76 89 84 66 51 59 35 97 64 3 56 67 51 44 49 55 68 42 66 51 56 61 9 37 88 41 35 83 75 11 48 31 64 58 10 12 99 6 83 39 88 23 85 64 32 27 16 33 49 4 85 79 6 57 53 1 95 24 22 18 11 43 21 96 18 91 84 78 92 40 96 30 77 19 74 45 70 77 16 75 58 71 23 47 66 53 25 2 14 94 71 50 46 95 57 52 6 65 74 63 54 54 30 
63 1 28 65 1 97 31 33 52 34 10 10 52 74 59 70 43 32 87 67 56 91 35 27 33 84 48 20 71 4 1 68 8 39 12 11 44 82 19 8 46 72 29 78 85 64 69 0 86 94 96 30 61 19 34 90 48 36 29 35 90 99 19 76 43 12 47 16 52 5 33 69 41 85 19 54 89 95 97 22 65 50 23 48 80 44 80 60 20 66 5 58 82 9 10 46 37 15 25 25 5 89 59 61 83 53 2 88 50 24 11 77 84 40 43 55 81 17 76 43 76 37 28 42 68 92 46 7 43 56 100 14 80 62 47 59 17 51 91 80 40 71 8 3 65 13 46 87 24 45 48 96 77 2 72 47 36 73 51 98 83 26 38 83 63 57 80 41 41 49 29 52 70 21 26 28 43 23 12 93 100 18 48 81 94 31 4 86 55 29 27 38 77 79 48 6 95 
64 4 40 28 70 92 97 14 4 78 46 6 32 70 49 58 29 66 41 3 77 67 32 16 69 80 35 20 87 81 20 76 81 30 39 11 10 75 97 15 4 79 21 35 86 10 18 63 56 57 76 69 40 60 7 1 99 65 71 0 98 8 85 72 65 24 73 49 10 59 86 89 70 25 5 51 54 32 5 96 56 53 17 95 9 83 52 19 39 18 90 37 90 27 20 87 69 23 4 9 21 43 99 38 67 26 2 93 81 56 61 52 28 44 81 22 100 97 41 98 82 54 72 47 11 40 13 42 6 99 5 88 68 36 35 31 4 45 85 62 9 90 63 39 26 82 28 71 83 86 57 13 87 73 78 12 37 50 89 29 6 17 87 85 60 33 75 91 5 84 44 48 74 34 10 94 90 46 32 5 92 2 9 61 76 77 56 21 45 7 19 68 13 
65 49 61 1 93 27 59 91 44 59 98 43 3 7 68 39 99 66 76 2 69 40 39 60 44 97 86 33 95 24 53 86 81 45 72 14 95 78 53 50 8 36 26 80 83 16 95 72 46 8 39 74 14 11 19 25 22 63 11 70 82 6 28 83 100 3 94 67 71 79 24 34 3 98 94 84 63 29 66 93 51 69 61 47 38 4 38 32 92 55 17 61 44 56 23 38 80 12 40 76 43 95 17 35 21 85 59 21 26 42 28 64 62 48 79 13 2 28 98 82 9 62 70 73 3 94 14 54 45 75 94 89 94 17 8 92 70 57 54 23 93 53 23 15 82 31 15 46 70 99 70 22 60 90 54 19 36 88 17 96 86 37 37 44 67 71 22 68 52 52 92 18 67 51 1 87 10 81 10 5 7 26 88 9 68 58 17 20 74 77 9 30 52 0 79 
66 46 1 48 25 71 72 7 21 39 57 60 4 68 89 4 38 5 40 69 89 41 58 13 91 77 20 70 68 6 29 72 93 23 26 51 38 55 38 24 62 96 18 52 42 58 98 62 3 26 39 92 43 28 83 64 88 0 51 38 16 30 97 99 11 35 21 65 84 40 3 61 85 10 69 74 81 59 13 75 64 54 81 25 52 89 18 31 33 47 54 63 34 42 84 86 23 15 90 36 91 14 51 9 75 21 18 27 63 98 6 33 54 12 59 50 10 49 23 56 38 19 60 80 42 84 10 20 24 16 9 17 11 93 37 83 9 81 70 91 24 76 49 90 15 32 37 82 26 79 85 67 61 11 92 22 63 29 8 37 59 8 50 73 57 18 90 2 34 88 80 78 57 57 7 95 85 45 46 97 56 44 60 3 80 85 7 94 18 43 7 1 79 34 80 
67 93 84 29 2 69 67 5 70 61 11 99 10 35 40 71 76 81 65 18 37 82 33 39 36 30 69 28 73 34 75 98 39 8 83 72 13 10 57 74 31 38 41 24 14 88 12 63 59 79 79 20 30 84 54 27 46 91 85 86 59 22 60 59 64 52 95 54 33 40 76 45 50 51 54 78 7 96 94 32 35 83 4 19 61 76 73 12 93 53 6 6 52 70 70 21 3 85 72 25 39 57 78 97 2 4 92 26 75 13 84 77 45 73 72 2 27 36 60 37 72 95 70 43 54 87 40 48 68 65 40 89 90 50 36 11 45 60 56 75 43 17 1 94 58 64 64 68 77 58 51 15 61 46 32 55 64 62 39 31 1 16 93 49 99 3 8 66 15 0 74 80 33 47 53 56 22 90 35 42 95 14 95 33 3 23 79 7 69 92 77 9 76 44 60 41 76 
68 24 10 88 50 16 97 8 21 46 21 70 10 6 96 26 33 93 52 41 11 67 91 3 16 23 74 2 60 66 15 20 62 84 54 82 60 18 48 10 65 74 38 9 62 28 88 92 26 78 20 96 32 32 87 44 56 75 5 11 76 89 76 25 26 53 4 31 90 71 60 7 1 99 37 50 73 49 29 58 65 33 69 27 85 0 79 56 25 77 41 13 59 5 47 21 62 19 68 12 41 36 84 65 18 63 16 60 82 62 41 81 23 17 13 22 30 86 14 79 66 48 48 4 36 45 89 38 39 64 15 61 90 91 88 59 44 39 85 95 73 76 11 40 18 55 7 43 58 98 98 34 82 69 73 94 51 15 15 37 81 47 34 90 41 30 100 52 50 42 38 54 99 35 48 87 35 73 34 85 16 51 82 80 82 97 37 72 88 57 54 1 60 14 58 29 84 83 26 
69 65 19 25 14 89 46 42 60 10 55 74 25 45 42 76 100 46 11 15 67 79 11 21 2 85 40 78 16 31 1 95 98 61 60 44 58 96 88 2 78 41 75 71 12 7 45 51 81 87 24 23 42 84 2 37 15 50 38 67 78 3 18 55 46 99 93 62 97 26 92 90 59 19 8 22 83 54 24 98 51 64 100 27 68 97 24 53 38 73 94 8 52 16 65 80 83 81 41 36 67 49 75 68 90 58 48 93 26 29 83 40 23 60 55 48 76 94 62 77 46 39 50 11 8 88 50 82 6 4 82 70 64 91 18 83 7 17 72 28 12 12 67 9 7 38 34 57 38 18 29 75 77 52 10 14 84 63 8 6 89 72 20 33 31 0 58 86 97 20 59 1 56 92 44 13 38 30 39 43 40 5 93 32 2 24 69 59 42 35 74 47 47 34 29 56 91 
70 95 42 31 73 51 49 35 30 22 52 64 25 93 55 29 78 50 37 60 28 5 52 17 39 75 7 82 47 40 59 61 87 32 17 77 76 13 14 30 19 94 39 42 79 98 74 14 61 90 57 26 2 63 51 36 5 68 10 4 79 84 1 37 67 89 61 25 6 66 88 2 95 76 74 12 84 45 96 19 81 97 96 33 82 6 21 9 23 54 64 27 23 91 24 80 10 72 26 41 44 21 60 43 97 49 3 39 65 28 64 10 51 74 71 48 46 38 8 53 45 3 54 87 98 88 11 15 51 83 4 71 68 86 57 44 4 52 43 85 4 79 62 20 24 78 29 7 32 8 14 92 12 23 91 65 70 46 28 1 8 18 48 96 44 81 78 11 32 73 37 34 5 57 35 24 15 16 65 55 36 0 18 99 5 67 96 69 28 62 23 58 10 59 81 47 59 56 26 
71 55 55 66 32 92 51 28 74 76 3 48 3 56 95 17 7 81 93 53 34 7 48 68 28 4 88 6 84 9 57 8 67 72 14 31 18 62 62 25 92 89 47 14 22 26 35 93 100 30 26 94 98 33 66 97 70 51 22 5 77 69 20 59 70 21 78 85 63 87 81 23 99 36 31 15 12 39 17 34 79 98 98 75 64 11 25 1 6 65 30 91 52 35 91 50 36 32 58 10 78 74 2 0 79 64 2 77 75 24 56 19 97 83 26 47 46 80 20 16 23 44 59 63 41 43 57 82 26 49 16 29 50 99 19 84 40 52 61 70 15 61 21 78 2 20 43 45 9 90 16 46 14 58 21 41 82 2 51 57 2 42 46 86 31 88 34 67 78 79 40 73 27 96 25 18 82 27 37 12 44 38 23 13 41 60 63 22 20 95 17 37 31 3 1 54 37 
72 28 91 92 94 4 97 68 14 76 40 12 24 36 23 69 22 10 80 74 51 90 97 26 82 8 2 46 78 93 33 82 59 52 85 37 18 0 95 64 82 3 98 67 96 94 64 30 15 40 99 35 8 99 79 55 16 47 15 84 13 20 94 96 11 45 11 97 29 66 1 21 72 98 75 24 62 88 44 1 50 65 49 81 87 11 100 77 53 13 27 39 83 62 51 41 68 14 47 38 1 73 44 53 64 44 26 7 75 25 16 89 37 95 2 83 13 19 75 50 87 49 65 63 94 57 37 58 9 61 94 29 27 31 89 60 61 27 54 85 76 78 65 59 11 16 57 23 2 33 100 42 99 51 38 9 24 22 7 15 17 48 57 5 75 34 63 86 51 80 10 56 44 17 41 75 28 71 66 70 54 87 60 91 4 32 9 2 74 79 72 18 31 43 11 6 11 
73 40 52 36 11 94 29 62 99 54 48 23 80 87 23 51 56 65 66 1 39 31 68 95 74 93 73 48 20 2 62 66 54 42 100 35 92 99 15 28 38 92 98 82 47 18 28 47 65 24 55 88 46 49 43 3 61 67 76 43 87 79 18 15 19 11 41 80 45 37 32 21 60 85 45 19 34 83 93 63 40 9 24 38 61 90 29 44 59 69 53 58 100 59 57 14 98 84 69 74 59 22 91 27 34 52 95 50 43 64 11 60 19 25 56 33 78 97 2 72 98 8 20 81 9 17 97 41 97 29 66 61 45 13 12 70 7 5 90 4 34 55 61 6 97 53 80 46 85 26 2 20 93 32 86 98 70 39 16 10 31 7 82 34 53 91 67 57 40 71 82 56 28 76 85 45 46 30 5 89 52 68 61 75 39 12 4 0 12 96 40 78 49 86 72 16 61 
74 76 50 44 35 9 32 73 53 97 61 33 99 10 19 77 35 13 4 93 74 16 24 80 34 46 47 1 60 39 4 30 43 52 88 32 23 96 48 69 16 51 10 48 50 78 92 14 27 24 61 61 82 34 54 0 46 64 85 31 67 59 60 6 19 70 12 58 65 49 100 18 46 82 52 75 84 11 64 72 56 8 62 26 84 42 67 81 52 17 13 62 73 53 70 7 98 71 78 68 81 4 42 45 73 63 48 3 74 40 1 19 18 66 71 2 22 89 68 41 64 47 41 92 27 79 28 43 66 60 67 36 55 88 9 12 70 28 81 91 18 21 13 86 85 99 86 67 37 98 4 95 3 5 20 87 87 15 93 38 98 35 56 56 2 27 70 65 3 85 52 22 11 29 14 54 80 55 91 20 83 90 66 50 4 25 88 57 20 94 58 84 59 37 82 
75 48 71 6 42 70 6 71 57 7 95 57 31 73 77 9 90 69 69 5 68 13 54 77 69 44 72 55 40 98 46 80 84 23 2 25 43 89 53 2 46 67 14 79 39 15 74 27 23 91 88 78 77 14 78 43 46 64 45 99 17 35 54 53 52 63 72 18 17 82 72 33 70 97 83 51 15 28 76 49 13 94 58 30 43 62 20 90 63 42 40 58 89 1 31 65 19 68 61 4 55 36 47 40 75 85 97 21 51 52 2 76 41 46 4 54 28 74 10 47 45 86 47 17 52 39 59 60 6 56 95 12 10 92 57 84 17 16 18 26 57 61 60 93 38 96 77 34 25 38 57 41 41 88 2 3 47 31 66 87 27 8 36 29 60 22 97 19 29 11 79 32 92 83 8 10 92 50 69 95 63 37 47 24 15 59 94 45 99 20 85 81 76 66 12 0 51 
76 39 73 33 50 97 22 49 11 89 73 25 71 19 10 83 86 96 16 32 97 93 20 29 49 34 22 35 89 79 57 21 32 85 17 36 31 45 77 94 35 27 62 91 5 95 17 57 17 13 42 77 95 24 97 73 32 9 91 23 99 87 69 70 44 14 34 68 59 74 12 64 84 0 37 46 66 16 3 80 37 3 45 38 53 7 2 71 78 26 71 63 24 48 77 62 77 18 20 22 58 86 27 40 41 17 77 41 52 60 67 55 65 65 49 8 50 44 68 51 26 12 89 50 86 52 57 2 41 59 77 90 7 42 13 37 80 6 96 20 88 54 72 92 23 78 72 5 34 4 66 11 82 15 31 56 54 1 57 53 68 75 47 30 30 69 58 98 93 84 80 43 1 28 39 61 37 72 100 31 56 81 17 58 44 10 33 47 77 67 64 99 63 88 35 66 55 
77 79 49 15 40 48 33 0 72 67 93 59 26 58 15 50 44 93 19 29 34 12 9 76 70 88 82 24 77 39 58 16 94 97 22 33 3 57 62 23 77 87 20 75 4 11 83 2 67 65 93 1 85 70 98 6 18 55 24 82 56 4 64 40 93 44 82 21 78 30 20 27 68 84 81 34 34 98 4 73 15 9 70 19 82 28 15 89 46 25 3 96 67 63 56 86 99 22 79 38 87 78 8 8 93 72 32 42 29 74 61 60 80 7 27 43 98 47 33 36 21 69 48 56 87 17 5 99 73 94 8 66 69 92 50 46 10 62 72 54 13 14 61 41 97 80 17 20 85 71 64 26 93 61 21 81 39 51 92 5 8 90 71 45 63 3 42 68 2 32 97 91 45 18 67 83 21 31 13 95 18 64 49 49 93 85 48 13 5 10 63 52 88 35 18 53 19 37 67 
78 48 60 16 21 80 51 66 17 34 50 98 11 99 44 51 30 73 97 17 49 37 92 87 78 23 36 3 59 95 80 31 49 6 64 70 15 71 59 7 67 26 49 27 47 56 19 22 25 86 28 68 90 20 93 59 25 77 40 13 80 36 51 94 44 30 13 0 28 82 14 97 35 47 55 46 62 79 67 63 97 8 9 62 78 58 28 14 29 93 46 29 47 19 5 89 36 43 99 92 68 28 51 54 67 24 85 88 7 32 96 40 16 50 54 41 24 39 53 65 99 42 45 49 90 52 18 55 26 85 90 33 6 12 42 15 41 81 17 53 30 83 53 67 13 45 95 91 22 10 97 38 57 64 25 25 100 9 93 75 73 96 31 72 85 57 80 60 99 61 46 69 12 76 31 35 31 4 24 74 35 84 23 18 74 11 98 90 81 21 18 2 58 5 53 44 66 
79 3 38 59 95 32 5 96 95 7 35 63 87 39 90 18 100 76 99 10 67 74 35 40 68 0 33 64 34 46 60 21 80 35 8 57 27 27 24 91 54 70 89 6 72 90 35 26 27 65 36 48 81 73 80 98 58 34 92 16 55 77 99 92 19 31 85 95 50 2 37 66 59 5 23 69 77 22 13 41 25 25 81 51 41 78 53 14 54 56 71 33 12 97 50 49 99 68 70 58 69 36 9 50 96 47 38 93 44 52 26 81 14 17 69 54 48 37 87 43 32 20 59 72 7 94 2 60 83 13 42 44 54 89 37 83 23 82 25 55 32 87 63 75 80 84 71 1 9 86 53 67 77 28 13 9 56 99 95 12 81 62 49 45 78 11 55 30 25 42 47 80 64 23 70 4 11 19 42 15 49 85 72 29 6 8 22 61 27 24 57 53 6 38 63 
80 22 62 86 73 30 50 46 17 98 22 34 84 74 7 16 70 0 59 64 99 29 49 93 47 61 61 56 56 32 89 96 53 60 64 6 15 38 79 1 32 28 83 92 61 20 78 84 96 36 22 47 61 33 45 9 72 73 17 42 3 85 62 21 86 69 3 5 16 45 50 50 61 51 41 49 62 4 45 68 28 26 65 13 29 79 44 15 50 57 8 66 65 2 8 19 13 14 97 78 58 67 3 59 30 95 66 31 38 52 36 11 47 76 5 55 64 53 88 39 3 43 8 48 82 25 76 99 82 8 41 24 49 12 67 62 57 40 71 89 26 18 7 65 10 44 71 23 35 82 8 81 97 41 27 7 100 27 70 63 77 72 62 90 58 17 29 91 9 75 47 71 75 77 39 3 37 58 4 37 41 94 33 88 77 83 28 87 94 70 75 97 57 54 52 35 84 10 52 
81 64 45 0 95 56 97 85 33 73 10 9 74 82 76 18 9 26 51 90 56 94 33 30 50 11 3 75 50 15 14 20 72 84 1 72 26 8 50 42 98 54 36 1 55 65 75 62 27 87 32 83 46 63 28 49 58 32 27 96 5 25 47 89 3 51 25 97 3 59 63 22 44 86 89 43 79 46 75 27 93 13 3 53 1 76 45 12 96 28 6 92 70 5 36 69 96 68 92 3 38 67 56 37 96 16 55 80 67 70 57 38 81 40 23 47 57 78 39 17 90 10 78 74 13 24 24 58 32 14 55 99 27 2 46 34 83 79 45 71 6 33 53 19 24 7 95 35 62 52 1 39 10 60 71 29 70 77 53 48 36 41 81 45 54 88 98 95 13 55 79 98 60 4 20 23 84 21 31 61 2 50 37 44 95 36 18 6 50 93 56 91 59 66 22 31 89 57 77 
82 71 15 7 46 10 75 26 72 90 98 52 40 81 52 37 70 62 44 22 17 66 90 23 37 51 7 44 93 25 19 89 92 64 52 0 41 5 28 36 15 6 82 70 89 94 55 30 76 48 28 99 39 15 87 79 12 65 37 55 17 18 98 13 2 77 62 63 72 9 42 75 69 11 35 67 61 3 7 4 64 12 18 34 41 98 78 91 8 27 69 41 41 84 28 28 82 92 25 29 29 93 77 38 3 32 99 96 29 21 96 85 82 50 28 57 81 49 33 53 27 45 41 19 21 83 35 42 52 54 96 31 45 40 48 76 45 46 2 73 21 2 57 39 87 56 49 17 59 86 31 33 67 8 80 88 27 69 62 47 73 95 47 58 76 68 79 59 49 61 36 80 43 16 47 78 47 87 74 43 39 20 6 14 94 97 58 60 32 74 58 35 53 72 83 1 88 24 76 
83 84 73 36 46 16 83 80 50 96 79 32 1 25 6 89 11 53 45 70 24 6 49 46 21 10 22 74 52 45 57 7 36 71 53 49 50 78 72 58 45 98 60 34 40 11 26 13 63 77 100 51 59 54 21 67 49 92 92 42 40 17 44 1 10 65 60 99 1 35 75 73 71 0 100 64 68 79 53 5 5 69 37 37 67 4 70 50 41 90 90 26 52 62 84 86 50 22 5 23 74 87 41 27 77 63 15 59 23 88 52 97 71 56 95 95 40 72 17 8 73 52 24 38 13 43 36 30 22 68 84 9 72 55 67 2 69 12 95 57 3 75 26 39 87 21 69 44 21 19 28 48 67 76 98 33 99 85 22 24 15 41 76 47 11 66 11 18 13 61 50 29 49 15 88 94 88 91 8 40 100 3 51 14 67 82 64 31 46 81 44 20 6 93 68 60 58 28 35 
84 70 60 65 34 1 88 36 67 28 20 10 94 0 27 77 73 13 4 29 68 5 80 69 70 96 12 32 6 76 28 12 61 50 76 91 15 15 69 79 75 44 32 94 78 78 23 53 41 33 65 99 61 80 67 75 80 11 42 86 66 22 58 34 42 46 29 37 67 68 42 55 66 57 68 67 80 3 94 9 17 73 52 40 29 20 9 54 26 21 20 85 34 63 30 17 12 81 55 66 65 2 14 39 20 95 46 31 41 89 3 71 9 7 96 41 38 58 63 56 56 8 87 47 34 24 9 43 76 60 19 38 88 61 46 6 68 49 86 45 74 88 9 72 75 92 22 19 57 62 30 98 46 23 27 93 21 48 83 51 92 25 51 52 60 83 45 59 98 74 3 14 65 64 16 90 49 4 29 82 16 42 72 26 81 30 9 97 33 18 33 35 87 87 79 
85 81 8 92 71 84 97 20 11 4 18 18 33 3 60 67 30 96 24 32 58 61 22 87 45 23 57 22 44 9 22 2 67 66 68 69 15 5 10 45 63 63 34 58 52 35 7 38 19 13 3 27 99 91 31 46 48 10 12 31 9 95 91 71 79 57 71 62 85 49 25 88 8 19 79 83 66 48 36 52 19 55 1 6 29 70 49 37 33 39 76 41 51 29 71 33 55 53 21 98 44 34 72 0 92 11 29 26 38 90 43 16 51 80 100 79 1 43 95 42 31 14 26 1 56 59 83 25 22 78 96 7 61 65 44 44 59 8 19 21 72 47 62 68 91 99 6 30 45 74 2 60 3 17 99 97 91 73 86 64 89 94 85 75 67 12 81 72 80 93 13 56 24 40 24 77 10 15 31 86 65 24 91 82 36 36 29 51 85 50 60 89 30 28 75 54 33 76 93 
86 76 82 34 94 98 62 42 40 87 49 47 65 94 7 25 64 89 71 43 58 44 19 62 60 74 51 26 75 92 6 28 16 18 95 82 10 88 71 24 6 13 34 77 60 1 9 65 25 21 3 85 26 11 75 75 27 70 84 6 89 64 25 8 77 72 29 83 94 19 91 63 14 29 39 93 87 59 39 45 46 41 48 14 22 4 15 16 88 49 2 48 98 40 3 31 45 84 54 20 24 52 47 73 97 27 60 91 34 37 84 57 17 69 3 99 55 22 86 7 95 81 43 96 68 54 47 39 92 67 79 78 54 97 65 3 59 55 35 66 42 32 6 51 64 58 10 17 5 79 6 38 98 36 69 60 11 53 55 15 12 10 48 5 23 33 70 95 85 80 69 46 36 30 55 0 70 71 95 56 24 12 86 23 34 90 91 9 75 35 98 50 38 61 42 68 50 
87 33 52 97 72 65 60 30 95 94 91 62 68 6 2 56 59 50 17 60 57 88 62 64 99 32 31 96 8 44 29 49 95 41 60 72 96 8 7 82 88 18 2 15 52 79 32 7 18 71 72 80 30 16 44 92 26 67 55 3 32 23 72 43 85 83 54 73 1 9 17 98 16 34 95 99 31 20 24 47 53 22 44 86 67 63 62 13 48 95 42 57 63 48 57 11 1 75 24 39 6 4 6 68 70 12 67 93 91 59 96 58 23 74 73 27 15 42 34 14 52 81 20 17 85 54 24 85 84 35 69 2 42 10 37 36 100 37 51 5 41 55 22 28 15 89 10 29 99 25 83 38 6 91 59 61 85 19 97 21 9 46 3 31 42 53 35 1 43 76 34 26 15 77 46 40 96 84 95 66 93 52 2 90 83 24 10 69 36 78 5 51 95 70 68 
88 13 70 77 28 5 19 69 13 21 5 85 27 63 56 68 72 4 76 49 35 14 74 78 64 3 10 95 63 31 51 48 30 37 82 65 84 1 89 6 22 70 54 46 51 58 73 72 6 28 18 92 92 66 94 2 52 84 35 43 13 59 42 75 12 11 91 51 2 53 36 40 60 64 84 71 22 74 66 18 98 82 7 97 81 54 16 47 52 99 39 35 29 90 32 87 24 23 36 15 89 96 33 32 41 91 63 45 100 50 81 29 47 93 9 34 51 12 22 30 90 17 82 38 12 62 19 19 72 60 20 25 74 56 76 81 56 10 51 98 24 55 71 26 100 83 64 41 86 94 83 33 61 67 36 16 64 89 79 52 52 61 49 44 70 57 92 80 32 9 17 86 51 42 84 76 78 24 91 8 8 39 39 20 55 0 31 7 26 79 38 73 9 27 64 22 75 36 9 
89 39 28 82 9 18 47 90 10 26 89 3 55 91 47 27 19 73 7 97 62 14 30 78 77 53 30 8 59 72 36 45 66 51 100 70 7 30 54 94 88 38 7 57 25 20 18 84 55 98 10 22 6 86 54 99 86 35 20 16 70 80 28 52 72 37 22 44 55 81 55 17 96 29 52 65 86 1 11 42 14 7 45 63 86 19 89 64 40 41 83 21 68 31 13 58 45 25 2 50 37 54 66 56 30 92 99 13 83 47 74 74 78 62 59 79 55 15 80 76 16 12 21 36 20 46 16 43 92 85 59 96 21 68 72 77 74 10 78 2 6 67 97 28 33 33 79 87 94 93 78 5 95 66 77 23 48 55 21 49 99 69 58 32 68 24 68 40 36 6 74 83 60 95 60 59 42 75 6 34 53 61 79 0 63 71 61 4 65 48 34 9 80 11 31 88 89 
90 62 25 83 52 19 10 43 45 59 83 88 64 24 95 50 79 68 76 4 32 45 6 7 53 71 87 87 3 23 4 79 14 51 16 34 93 86 9 44 36 99 50 35 53 57 92 92 39 1 48 58 73 25 18 89 57 13 6 77 83 78 17 6 72 70 85 21 7 85 44 97 85 26 77 17 49 81 82 95 32 18 86 80 69 16 71 3 97 67 9 46 44 54 63 29 70 93 8 74 50 2 99 40 48 73 68 36 82 47 40 91 18 0 80 64 35 49 59 12 7 61 84 84 19 37 51 56 12 10 32 22 5 48 56 55 96 98 34 14 75 42 21 9 7 31 17 52 16 5 81 8 46 96 56 32 28 38 35 28 64 66 90 53 31 76 23 39 40 75 25 72 75 20 80 33 58 11 30 69 21 63 5 82 63 65 16 15 100 94 69 30 45 41 11 60 93 
91 10 68 14 75 78 26 81 81 17 37 33 39 61 35 85 11 95 42 31 65 20 30 84 41 3 15 13 30 77 14 64 13 0 6 62 47 5 23 69 63 53 14 6 27 76 60 12 73 51 59 47 2 50 72 90 47 26 52 36 41 16 76 98 90 8 60 72 79 1 84 82 11 35 32 59 7 37 15 45 13 79 45 25 27 56 50 49 72 66 40 2 39 9 63 73 48 32 46 96 95 40 34 52 21 88 87 24 57 55 9 48 28 11 17 60 52 92 57 71 47 38 58 19 14 87 10 42 16 29 58 30 32 21 30 7 81 63 47 43 64 58 29 67 15 97 79 93 15 94 54 39 91 65 19 99 70 74 47 23 95 28 99 46 29 41 93 34 64 15 90 68 9 18 89 57 55 83 39 22 58 27 84 44 89 54 88 89 5 80 68 4 21 70 29 
92 40 17 25 44 89 98 62 59 46 97 11 35 35 33 21 64 85 11 95 60 31 55 86 7 22 72 74 14 43 11 37 98 24 14 88 77 65 71 97 29 82 20 80 6 16 71 20 3 47 17 76 96 68 37 4 56 67 79 27 23 91 53 30 56 45 12 58 53 36 31 17 72 28 52 56 77 73 83 9 81 6 33 70 37 83 58 72 43 8 31 29 54 63 83 60 99 26 42 66 19 59 50 77 80 13 99 15 5 79 57 71 84 7 100 50 64 52 30 57 23 14 45 0 88 96 63 32 48 64 72 90 33 99 49 10 98 84 43 23 45 2 25 39 9 42 53 18 11 3 45 5 33 19 3 98 80 44 3 61 80 38 65 54 6 51 48 12 80 41 36 94 46 87 51 34 20 33 33 69 92 81 12 78 97 53 16 55 24 75 48 1 40 93 40 49 39 48 86 
93 64 53 83 57 19 78 91 42 27 82 14 34 78 4 38 56 25 32 89 3 49 60 69 35 18 3 44 3 88 25 24 89 46 50 10 38 74 9 99 71 35 74 95 60 31 45 71 42 8 4 4 98 68 30 13 17 92 72 81 81 17 54 51 62 42 72 63 90 84 62 20 11 12 59 2 5 66 9 6 23 40 37 98 16 62 60 50 4 1 48 86 64 22 39 30 86 87 82 23 47 32 70 52 8 90 9 85 29 21 93 79 12 29 69 3 38 45 45 36 9 16 52 11 70 75 37 56 23 59 95 60 89 34 1 28 55 76 91 96 71 70 66 55 34 72 38 48 49 33 9 73 92 58 20 9 85 41 10 65 71 7 100 43 5 0 63 77 53 26 18 5 47 80 53 57 2 15 74 37 95 97 54 53 78 94 40 61 27 82 55 39 19 67 46 47 45 
94 2 97 66 66 90 90 10 12 84 7 20 17 48 25 91 18 27 58 89 50 30 33 36 13 61 69 60 36 93 100 29 2 22 8 86 92 8 10 72 31 11 59 75 31 63 97 46 56 58 9 55 7 52 49 21 75 41 41 31 17 95 32 5 2 54 79 39 8 42 30 62 92 38 81 71 78 7 96 53 80 50 66 87 25 23 26 6 30 68 53 4 20 65 92 16 88 9 77 73 59 34 95 47 81 32 100 35 27 14 55 45 95 37 54 0 90 24 18 44 7 92 27 18 31 77 47 13 47 3 40 70 47 98 8 96 52 59 80 83 10 88 7 49 16 74 53 56 23 43 86 51 36 76 3 79 72 82 5 40 64 57 11 28 9 19 15 25 74 81 97 33 66 17 66 67 12 99 26 69 19 78 98 64 92 85 62 80 60 12 16 15 73 26 20 1 72 97 58 
95 81 41 17 46 9 50 73 5 65 59 89 4 55 32 7 61 43 77 30 71 94 7 79 76 15 64 2 81 64 10 61 19 98 50 93 24 29 1 58 87 39 50 53 88 18 12 63 3 5 100 69 68 54 10 16 14 80 18 60 63 12 90 76 4 68 55 4 57 92 72 50 94 91 42 27 33 70 90 38 31 52 96 47 52 78 90 33 17 97 92 32 93 86 81 3 12 57 86 85 93 11 28 75 71 10 52 84 91 20 97 13 43 26 94 83 66 41 35 44 25 35 7 99 55 42 86 23 42 72 86 14 61 49 96 8 1 0 57 66 2 46 40 88 8 1 53 31 60 37 37 74 65 25 10 77 20 56 41 40 5 19 83 24 35 22 68 34 55 67 100 62 21 59 39 71 26 6 91 48 22 51 32 87 4 82 34 36 99 28 33 21 58 45 90 96 19 
96 57 94 41 98 0 17 64 41 32 92 43 97 27 22 22 99 86 78 60 11 8 100 72 3 63 22 37 55 93 94 42 17 51 7 26 70 59 9 79 85 58 27 1 29 65 62 68 29 18 41 83 68 19 69 5 11 10 88 74 55 28 83 92 13 71 24 81 74 17 21 20 97 84 59 94 26 89 29 66 69 2 42 77 77 13 20 78 1 14 38 39 75 62 2 40 89 12 88 23 2 85 45 47 55 11 12 75 56 73 34 54 77 52 16 16 33 99 31 56 17 31 50 49 66 45 3 88 14 91 90 21 73 44 10 95 46 69 16 24 79 33 14 30 39 97 85 80 82 15 26 48 33 46 73 36 65 87 53 67 34 55 31 34 72 61 41 70 10 29 95 9 13 82 44 7 30 50 29 53 76 35 2 76 18 4 72 25 6 98 23 38 22 90 23 
97 89 27 25 1 14 27 78 87 55 81 71 82 84 93 20 55 48 54 77 29 13 29 9 79 1 98 49 28 6 53 70 77 88 31 24 81 54 63 95 91 31 29 26 89 90 27 17 8 99 69 35 54 8 58 72 38 82 64 34 35 98 26 40 93 68 59 27 20 91 95 61 36 83 84 19 43 56 50 43 98 96 6 32 13 37 77 67 28 33 36 63 67 11 93 75 35 50 47 21 32 92 13 76 81 59 32 60 45 38 62 52 59 15 80 16 73 57 43 39 41 5 95 45 31 22 21 93 85 86 9 73 72 42 93 94 47 3 60 87 46 74 73 7 75 10 37 28 32 47 72 80 31 79 13 51 84 69 33 36 26 58 28 41 11 81 82 62 98 18 49 4 48 44 63 12 77 64 42 30 59 66 44 85 6 65 86 0 37 46 52 29 81 53 26 2 1 23 12 
98 92 1 28 10 58 21 10 59 74 24 34 12 57 19 38 34 47 42 87 30 23 83 42 90 4 82 68 95 40 5 88 36 24 56 37 70 59 32 39 19 62 49 35 77 26 56 90 10 25 12 89 88 52 15 36 100 84 99 20 9 72 10 44 68 54 38 66 71 18 11 45 25 83 37 75 2 95 23 32 18 96 63 27 57 48 76 33 39 97 98 86 10 3 76 61 8 0 84 43 22 69 26 56 4 65 44 79 23 15 98 17 90 80 96 73 31 50 54 94 71 85 63 49 37 6 46 7 66 46 21 51 43 1 16 21 74 76 20 99 86 53 95 64 27 78 14 19 37 82 55 16 32 29 100 31 47 14 30 63 51 2 85 22 88 11 88 13 23 9 52 77 75 55 15 67 35 81 28 30 55 70 40 41 12 93 50 71 7 60 31 5 50 91 77 8 21 
99 79 26 12 66 52 7 11 82 75 85 83 53 19 70 96 73 34 22 57 90 55 54 64 7 0 3 68 14 4 75 67 40 48 48 61 6 35 66 27 48 91 72 29 42 93 60 78 8 14 24 47 10 46 78 28 75 92 68 13 69 1 16 88 86 24 98 85 78 60 23 44 4 80 3 16 19 63 79 66 63 2 61 45 2 70 32 6 76 50 60 58 10 41 1 97 96 33 67 37 16 30 25 94 59 39 79 18 15 82 97 26 61 51 34 20 48 84 82 38 18 69 37 25 4 74 78 8 77 31 21 21 39 98 68 53 21 9 47 17 25 54 77 73 74 22 82 15 10 62 32 56 57 90 21 81 91 23 5 3 4 77 55 49 68 36 71 42 16 72 67 95 89 43 18 5 85 86 11 89 48 10 21 71 91 87 53 40 81 59 70 32 53 65 100 7 95 76 94 
