1 1
0 77 14 
1 
2 57 15 87 21 93 29 
3 34 95 30 52 61 40 36 64 92 18 52 78 84 97 15 86 
4 
5 75 6 88 77 
6 40 79 44 7 20 25 
7 72 72 
8 93 21 94 71 
9 23 32 
10 68 68 91 6 
11 77 39 69 28 54 68 
12 13 18 
13 60 74 
14 70 53 49 70 
15 66 41 57 87 60 47 
16 55 75 8 14 
17 86 91 5 64 
18 94 60 58 9 61 68 
19 81 87 44 23 
20 31 74 3 97 38 16 
21 90 11 
22 85 3 81 23 
23 52 92 
24 31 87 
25 
26 40 92 
27 40 44 91 39 
28 95 21 94 31 11 49 
29 12 78 
30 43 74 4 22 22 64 
31 32 97 24 52 
32 
33 
34 50 91 
35 34 34 98 75 63 94 
36 29 41 6 48 95 53 
37 87 9 
38 9 55 60 98 35 17 
39 42 30 60 95 94 87 
40 59 29 34 46 
41 44 37 
42 32 32 
43 
44 
45 99 63 97 46 
46 60 56 43 58 22 84 
47 
48 
49 59 55 28 54 72 7 
50 17 33 56 41 32 96 59 37 38 92 
51 87 72 44 26 48 88 53 93 
52 88 77 1 23 
53 86 51 36 45 
54 68 34 
55 23 33 41 63 
56 
57 90 27 93 81 
58 
59 13 9 69 85 
60 76 12 29 83 
61 
62 9 7 90 73 
63 36 95 54 36 8 14 85 81 97 32 
64 
65 64 33 
66 
67 71 53 63 90 59 53 
68 95 7 
69 59 87 56 92 
70 82 100 
71 76 54 11 46 13 97 77 81 
72 92 65 16 73 91 88 
73 94 65 
74 23 14 86 90 30 68 26 29 
75 45 40 92 41 41 32 90 47 59 92 
76 99 6 13 73 
77 34 7 68 76 84 10 47 82 79 11 1 46 
78 30 7 
79 67 19 20 32 
80 18 52 49 34 30 81 3 20 
81 16 66 29 4 
82 50 5 
83 
84 
85 33 63 
86 91 41 39 94 69 91 
87 48 1 39 34 30 53 
88 54 6 62 95 90 31 12 10 
89 64 62 43 99 11 80 
90 70 79 82 33 3 43 
91 46 53 99 42 
92 48 87 44 91 
93 50 71 57 2 
94 53 66 86 81 
95 42 79 23 84 83 77 44 72 
96 76 7 35 52 
97 43 21 65 5 
98 27 56 51 95 97 100 21 95 
99 33 72 26 21 54 1 
