1 1
 399
 0
 1
 393
 2
 3
 387
 4
 5
 397
 6
 7
 407
 8
 9
 401
 10
 11
 395
 12
 13
 405
 14
 15
 415
 16
 17
 409
 18
 19
 403
 20
 21
 413
 22
 23
 487
 24
 25
 481
 26
 27
 411
 28
 29
 485
 30
 31
 431
 32
 33
 425
 34
 35
 419
 36
 37
 429
 38
 39
 439
 40
 41
 433
 42
 43
 427
 44
 45
 437
 46
 47
 447
 48
 49
 441
 50
 51
 435
 52
 53
 445
 54
 55
 391
 56
 57
 385
 58
 59
 443
 60
 61
 389
 62
 63
 463
 64
 65
 457
 66
 67
 451
 68
 69
 461
 70
 71
 471
 72
 73
 465
 74
 75
 459
 76
 77
 469
 78
 79
 479
 80
 81
 473
 82
 83
 467
 84
 85
 477
 86
 87
 88
 89
 90
 91
 475
 92
 93
 94
 95
 495
 96
 97
 489
 98
 99
 483
 100
 101
 493
 102
 103
 104
 105
 497
 106
 107
 491
 108
 109
 110
 111
 112
 113
 114
 115
 499
 116
 117
 118
 119
 455
 120
 121
 449
 122
 123
 124
 125
 453
 126
 127
 128
 314
 129
 130
 260
 131
 132
 318
 133
 134
 312
 135
 136
 258
 137
 138
 268
 139
 140
 262
 141
 142
 256
 143
 144
 266
 145
 146
 276
 147
 148
 270
 149
 150
 264
 151
 152
 274
 153
 154
 284
 155
 156
 278
 157
 158
 272
 159
 160
 161
 162
 292
 163
 164
 165
 166
 167
 168
 290
 169
 170
 300
 171
 172
 294
 173
 174
 288
 175
 176
 298
 177
 178
 308
 179
 180
 302
 181
 182
 296
 183
 184
 306
 185
 186
 316
 187
 188
 310
 189
 190
 304
 191
 192
 378
 193
 194
 324
 195
 196
 382
 197
 198
 376
 199
 200
 322
 201
 202
 332
 203
 204
 326
 205
 206
 320
 207
 208
 330
 209
 210
 340
 211
 212
 334
 213
 214
 328
 215
 216
 338
 217
 218
 348
 219
 220
 342
 221
 222
 336
 223
 224
 282
 225
 226
 356
 227
 228
 286
 229
 230
 280
 231
 232
 354
 233
 234
 364
 235
 236
 358
 237
 238
 352
 239
 240
 362
 241
 242
 372
 243
 244
 366
 245
 246
 360
 247
 248
 370
 249
 250
 380
 251
 252
 374
 253
 254
 368
 255
 257
 259
 261
 263
 265
 267
 269
 271
 273
 275
 277
 279
 281
 283
 285
 287
 289
 291
 293
 295
 297
 299
 301
 303
 305
 307
 309
 311
 313
 315
 317
 319
 321
 323
 325
 327
 329
 331
 333
 335
 337
 339
 341
 343
 344
 345
 346
 347
 349
 350
 351
 353
 355
 357
 359
 361
 363
 365
 367
 369
 371
 373
 375
 377
 379
 381
 383
 384
 386
 388
 390
 392
 394
 396
 398
 400
 402
 404
 406
 408
 410
 412
 414
 416
 417
 418
 420
 421
 422
 423
 424
 426
 428
 430
 432
 434
 436
 438
 440
 442
 444
 446
 448
 450
 452
 454
 456
 458
 460
 462
 464
 466
 468
 470
 472
 474
 476
 478
 480
 482
 484
 486
 488
 490
 492
 494
 496
 498
