1 1
 399 199 95
 0
 1
 393
 2 458 43 282 25 108 31
 3
 387 346 96 333 33
 4 110 52 166 4 430 46 75 65
 5 183 15 328 53
 397 362 53
 6
 7
 407 41 79 94 78 214 82
 8 132 62 12 19 322 72 381 19
 9
 401 252 14 206 44
 10 170 4
 11 415 99 468 35
 395 152 25
 12 487 1 291 72 488 25 330 52
 13 424 99
 405 236 55
 14 124 3 473 22 19 37
 15 32 95 20 20 440 61
 415 323 38 242 36
 16 406 78
 17 347 19
 409 259 18 454 99
 18 179 28
 19 1 49 89 82 465 28
 403 471 37
 20 179 43 351 34
 21 249 73
 413 0 87 363 13
 22 140 54
 23 102 35
 487 475 74 234 95 59 63
 24 450 80
 25 420 6
 481
 26 41 63 100 77
 27 302 2 101 57 276 48 357 80
 411 47 41 183 20 147 4 17 68
 28 288 52
 29 248 61 149 33 75 56 247 48
 485 87 20 122 68 10 70
 30
 31 317 88
 431 215 56 483 50
 32 47 60
 33 294 44
 425 33 50 74 61 140 27 278 30
 34
 35 406 63 248 40 467 20 364 69
 419 272 25 495 27
 36 382 67 275 73
 37 172 20 220 71
 429 485 73 18 35
 38 483 85 198 34
 39 399 59
 439 462 84 69 29
 40 316 29
 41 274 83 311 7
 433 188 90 403 94 435 60 154 86
 42 236 60 226 81 477 31
 43 103 57 171 71 470 38
 427 176 71
 44 407 53
 45 402 60 480 29 174 33
 437 484 19 412 82 323 72
 46
 47 132 1 221 61 248 56 490 43
 447 231 36 85 95
 48 120 84 208 29 168 65 471 33 382 67 353 5
 49 181 51
 441 30 98
 50 19 34 189 82 168 47
 51 49 27
 435 213 45 80 17 4 51
 52 157 38
 53 167 75 352 100 43 6
 445 155 88
 54 335 44 268 32
 55 159 89 265 14
 391 172 17
 56
 57 498 87
 385 240 2
 58 292 7
 59 60 31 188 4 257 6
 443 176 32 296 54 493 25
 60 43 33 110 64 301 7
 61 460 60 366 98
 389 150 93 96 82
 62 471 92 136 81 13 7 237 98 11 17 99 93 164 8 121 68
 63 33 13 190 77
 463 66 43 464 9 237 74
 64 90 23 79 97 62 60 386 48
 65 35 6
 457 441 22 31 24
 66 134 54
 67
 451 220 10 33 72
 68 29 49 370 100
 69 23 81 207 87 2 91 181 39
 461 246 63 419 27 291 78
 70 102 49 230 97
 71 195 2 298 16 8 70 395 17 398 45
 471 250 73
 72
 73 474 96 149 89 155 58 301 68
 465 209 52 33 45 457 5
 74 321 34 262 59 256 5 491 51
 75 144 88 275 73
 459 167 38
 76 333 18 30 59 295 97 208 69 289 16 281 88 129 1
 77 164 11 342 90
 469 55 96 260 85 230 95
 78 75 64 6 4
 79
 479 413 15 227 96
 80 143 47
 81 103 88 282 71
 473
 82 368 15 467 71
 83 122 94
 467 11 6
 84 64 91
 85 393 66 195 66 59 18 384 96
 477 67 92 25 17 92 5 237 23 46 51
 86 483 52
 87 95 85 139 85
 88 485 77
 89 159 40 53 90
 90 72 47
 91 257 64 420 18 62 99
 475 305 10
 92 17 65 320 22 162 75 361 21 58 4
 93 63 39 83 55 72 37
 94 463 38
 95 492 34 302 91 283 8 483 68 144 67 167 81
 495 482 42 326 13
 96 492 45 371 90
 97 164 3 295 41 361 86
 489 272 47 317 32
 98 490 59 442 76 150 75 6 64 4 73 192 89
 99 386 53 382 25 100 95
 483 123 83
 100 201 37 275 73 221 40
 101 276 76 204 79
 493 179 10 379 87
 102 358 76 365 17
 103 92 55
 104 441 55
 105 440 43 300 5 436 18 67 63
 497 53 37 150 58 71 48
 106 100 100
 107 322 37 101 13 72 13
 491 184 19 264 13 114 44
 108 50 31 31 83 161 20 149 91
 109 240 36 66 13
 110
 111 1 29 458 64 108 82
 112
 113 85 36 289 44 354 61 168 19
 114 157 3 106 53
 115 394 12 290 82 217 80 252 87
 499 315 6 439 41
 116 40 60
 117 201 73
 118 308 87
 119 286 76 141 29 233 60 312 34 491 37
 455 445 63 329 86 208 37
 120 492 4 417 80
 121 43 29
 449 337 20 345 36 314 66 49 26 12 78 86 19 160 57 356 79
 122 269 78 356 22 95 33 416 20 279 75
 123 263 79 462 91
 124 340 78 365 71
 125 201 94
 453 493 73 149 13
 126 190 41 197 79
 127
 128 26 100 146 100 470 45 158 36
 314 438 19 176 71
 129 298 27 487 49 476 18
 130 364 7 230 65 87 98
 260
 131 196 67 314 52
 132
 318
 133 337 74
 134 43 5
 312 31 56
 135 344 41
 136 56 60 480 97
 258 466 69 8 73
 137 180 48 405 25
 138 135 22 370 77 230 7
 268
 139
 140 304 3 13 16
 262 270 36 159 40 191 42 14 92
 141
 142
 256 280 60 477 68 150 57
 143 252 63 453 94
 144 172 37 66 6
 266 37 76
 145
 146 156 67
 276 149 90 323 89 397 25
 147 285 52
 148 136 23 235 84
 270 238 18 292 67
 149 305 41
 150 340 29
 264 395 64 446 98
 151 410 58 157 8 334 3 293 13
 152 158 35 118 73 0 34 8 53 148 69 76 87 213 59 278 62
 274 297 15
 153 168 92
 154 176 7 172 77
 284 96 92 158 3 194 58 156 53
 155 339 50
 156 464 48
 278 454 82
 157 481 56 186 28 52 68 354 95 432 22
 158 328 87 310 1 18 96 217 85
 272 65 60 259 16 495 16
 159 275 89
 160 129 8 84 74 301 53 324 68
 161 119 22 89 46
 162 251 19 488 67
 292 487 75 259 90 427 60
 163
 164 96 46 359 36 94 96
 165 238 68 78 41 63 87 448 19
 166 481 5
 167 449 17 334 45
 168
 290 135 80 80 14
 169 396 77 40 82
 170 115 28
 300
 171 339 1
 172 470 17
 294 150 91
 173 125 61 28 20
 174
 288 157 70 173 88 212 89
 175 55 78 266 46
 176 113 40 293 65
 298
 177 414 76 324 13
 178 442 33
 308 7 88 93 36 468 66
 179 396 98
 180 330 50
 302
 181 37 56 172 56 498 12
 182 290 100
 296 212 78 150 96 162 50
 183 257 95 42 6 96 31
 184 450 73 339 30 448 68
 306
 185 41 72 387 17 182 26
 186 303 20
 316 321 91 178 67 325 8
 187 474 18 295 74
 188 119 99 312 93
 310
 189 330 38 177 35
 190
 304 156 12 27 71
 191 295 24
 192
 378 319 98
 193 446 2
 194 228 19
 324 147 74
 195 420 11 458 78 130 37
 196
 382 126 92 223 70 188 29
 197 421 18
 198 489 16
 376 485 9
 199 282 20
 200 454 3
 322 452 36 174 23
 201 427 16 395 40 310 46 296 52
 202 465 5 313 9 125 37 221 26 407 52 78 8 340 56
 332 268 14 413 62
 203 9 69 161 16 32 7 142 54
 204 235 78
 326 6 67
 205 429 13 322 59 169 50 466 88
 206
 320 383 15 7 21
 207
 208 424 17
 330 411 62 480 97
 209 107 90 132 12
 210 327 77
 340 381 1
 211 4 3 283 7 398 19
 212 463 64 351 46
 334 444 61
 213 120 38 146 30
 214 178 56 120 97 317 73 360 6
 328 329 84 216 78
 215 445 100
 216 489 1 81 100 426 55
 338 252 94
 217 448 4
 218 192 79
 348 122 48
 219
 220 4 63 258 73
 342 436 12 27 80 471 77 218 56
 221 485 17
 222 391 9 479 23 240 12 305 84
 336
 223 241 57 366 51
 224 303 41 150 66
 282 155 9
 225 161 40
 226 459 83 428 7
 356 250 86 88 2 190 57
 227 174 89
 228 353 7
 286 188 15 76 31 66 13 61 32
 229 98 84 496 47
 230 284 86
 280 31 60
 231
 232 346 57 36 65 119 87
 354
 233 199 5 268 84 374 92
 234 159 100 464 73 249 75
 364 21 25 166 46 491 10
 235 226 55 364 5 300 14
 236 285 70 333 75
 358 353 52 410 44 306 76
 237 441 77 240 29
 238 76 11 328 60 447 41 248 48
 352 450 29
 239 213 89 318 65 185 95 293 55
 240
 362
 241 67 2 211 100
 242 184 74 326 64 206 18
 372 373 28 62 1 140 22 489 53
 243
 244 274 5 222 100
 366 255 43 229 53 397 78 332 11 315 92
 245 203 75 167 42
 246
 360
 247 493 70
 248 138 19 210 59 486 23
 370 224 35 102 43 443 28
 249 99 52
 250 418 24 307 10 366 18
 380
 251 9 73 129 72
 252 166 76 464 61 183 9
 374 420 45 14 41
 253 197 43 6 38 339 12 361 74
 254 325 17 444 99
 368 402 92 95 93
 255 377 63
 257 362 72 378 3 435 59 496 60
 259 106 15 276 46
 261 245 89
 263
 265 218 90 139 21 211 51 431 74
 267 451 83
 269 494 31 72 75
 271 322 18 50 98
 273 227 64 411 99 10 97
 275 272 8 215 96 92 80
 277 467 47 76 5
 279 190 13 340 85 363 27 271 84
 281
 283 285 1
 285 492 99 312 64 112 22
 287 48 91
 289 192 87 156 5 262 61 177 10 420 28
 291 212 91 498 82 183 33
 293 471 22 16 12 382 5
 295 486 33 14 8 174 36
 297 418 18 385 45
 299
 301 269 97 71 32 127 8 446 97
 303
 305 139 1 372 73 68 11
 307 472 82 75 42
 309
 311 193 13
 313 322 76 460 41 455 66
 315 401 70 416 45 80 71
 317 73 17 174 57
 319
 321 477 20 190 50 346 86 215 88
 323
 325 215 70
 327 478 17 152 5
 329 363 56
 331 149 11
 333 349 70
 335 26 45 417 32 316 30 149 16
 337 140 92 114 57
 339 278 70 290 46
 341 425 42 442 74 382 31
 343
 344 161 7
 345
 346
 347 242 12 100 21 318 97
 349
 350 453 37
 351 303 72 76 66 197 76
 353 463 97 422 31
 355 386 26
 357 257 88 337 9
 359 181 65 224 50 257 90
 361 76 70 63 85 455 34 476 70
 363 480 72
 365 148 71 453 57 90 50 42 48 345 81 258 10
 367 6 20 33 17 156 12
 369 226 3 90 95 222 51
 371 424 98 322 41
 373 334 27 439 20 367 27 28 42
 375 394 36 182 10
 377 359 65
 379 281 99 0 84 316 85
 381 136 71 391 80 58 55 209 94
 383 88 68 294 1 62 74 499 34
 384 9 64 256 89
 386
 388
 390 450 65
 392 129 49 403 37 157 69 173 41
 394 123 40 202 28 351 92
 396 123 44
 398 267 52 385 38 360 48
 400 394 70 12 78
 402
 404 173 70 462 74 63 14 427 25
 406 368 96 457 96 263 86
 408 26 62 334 32 229 73 390 45 36 71
 410 148 38
 412 344 84 269 88
 414 270 52 197 17 21 94 277 9 195 91
 416
 417 393 21 24 1
 418 89 90 109 92
 420 482 73 210 34 36 61 144 29
 421
 422 423 94 335 80
 423 17 60 427 35 257 49
 424 328 61 252 88 89 54
 426
 428 200 18
 430
 432 154 27
 434 9 6
 436 148 20 251 95 389 70
 438 70 55 118 16
 440 473 23 64 57
 442 459 95 167 55
 444 482 67 142 94 379 30
 446 19 12 229 14 262 77
 448 286 100
 450 38 90
 452 466 20 421 14 13 26 352 38
 454
 456 320 96 410 83
 458 494 43
 460 428 1
 462 446 32
 464 303 64 246 27 235 31 204 41
 466 63 75 136 50
 468 324 36
 470 192 88 150 100 100 80
 472 96 6 184 22 106 79 334 34
 474 195 57 276 46 307 48
 476 449 25
 478 88 18
 480 114 51 374 65 37 51 299 7
 482 193 21 52 81 200 50 63 76
 484 16 52 379 86 4 31 493 45 178 19
 486 363 33
 488 18 85 192 100 351 16 46 75 199 16
 490
 492 283 22
 494 335 24
 496 214 8 190 10 46 27 116 74 50 86 58 88
 498 372 11
