1 1
0 14 33 8 94 
1 20 96 
2 49 56 
3 
4 5 1 
5 12 84 
6 15 17 
7 
8 6 25 3 45 
9 
10 42 35 
11 41 45 46 39 
12 30 48 20 5 
13 18 7 34 26 30 23 19 7 45 76 47 45 17 87 
14 38 98 26 59 
15 24 38 49 82 
16 36 97 
17 26 73 18 30 
18 9 84 
19 46 66 31 98 36 1 17 75 
20 13 97 
21 9 59 
22 13 56 
23 20 29 46 1 22 66 34 4 26 29 10 5 0 28 45 12 
24 6 33 7 85 
25 35 35 46 33 
26 14 39 2 29 40 12 
27 42 38 2 74 
28 45 50 34 22 35 69 32 34 
29 28 47 
30 44 51 28 71 10 48 
31 
32 47 88 
33 
34 2 33 9 32 
35 2 86 
36 
37 34 17 48 84 
38 3 92 10 2 
39 5 72 3 81 33 14 36 64 
40 29 37 32 37 
41 6 31 9 2 3 64 
42 33 35 49 48 45 46 
43 7 2 23 45 
44 4 33 0 55 42 10 
45 12 100 7 19 24 2 
46 4 39 
47 5 53 40 25 12 48 
48 26 44 43 72 37 32 22 61 
49 20 17 3 17 25 64 
