1 1
0 1 10 2 12 3 68 4 86 5 100 6 9 7 67 8 66 9 68 10 23 11 72 12 24 13 78 14 50 15 42 16 76 17 16 18 13 19 69 20 59 21 96 22 63 23 56 24 78 25 79 26 62 27 76 28 85 29 92 30 30 31 84 32 20 33 21 34 90 35 14 36 84 37 89 38 57 39 11 40 78 41 79 42 53 43 26 44 16 45 31 46 82 47 42 48 43 49 17 
1 8 39 0 54 2 55 3 43 4 76 5 33 6 97 7 85 9 49 10 23 11 92 12 74 13 88 14 38 15 83 16 80 17 74 18 67 19 61 20 11 21 66 22 53 23 8 24 65 25 25 26 15 27 80 28 5 29 2 30 85 31 75 32 10 33 8 34 79 35 11 36 9 37 90 38 34 39 42 40 25 41 56 42 100 43 30 44 93 45 29 46 9 47 78 48 96 49 70 
2 8 23 0 41 1 64 3 91 4 50 5 85 6 32 7 35 9 55 10 70 11 16 12 60 13 87 14 3 15 25 16 55 17 67 18 81 19 24 20 8 21 51 22 23 23 3 24 19 25 22 26 67 27 95 28 8 29 34 30 86 31 60 32 23 33 51 34 66 35 42 36 66 37 48 38 32 39 30 40 38 41 22 42 75 43 68 44 80 45 98 46 25 47 52 48 94 49 9 
3 8 83 0 20 1 96 2 84 4 55 5 58 6 77 7 26 9 47 10 72 11 67 12 66 13 1 14 35 15 70 16 69 17 65 18 87 19 21 20 75 21 83 22 16 23 11 24 12 25 65 26 97 27 15 28 40 29 21 30 21 31 64 32 97 33 57 34 54 35 98 36 89 37 48 38 84 39 19 40 64 41 16 42 65 43 48 44 27 45 7 46 93 47 49 48 81 49 50 
4 8 98 0 1 1 33 2 36 3 2 5 92 6 33 7 77 9 38 10 76 11 3 12 47 13 33 14 58 15 10 16 75 17 81 18 87 19 58 20 33 21 32 22 39 23 92 24 12 25 62 26 76 27 49 28 68 29 65 30 25 31 72 32 20 33 88 34 24 35 5 36 69 37 64 38 34 39 82 40 50 41 20 42 47 43 57 44 13 45 6 46 69 47 54 48 75 49 97 
5 8 91 0 56 1 28 2 33 3 18 4 1 6 45 7 95 9 76 10 67 11 88 12 95 13 96 14 83 15 93 16 78 17 29 18 31 19 51 20 46 21 61 22 67 23 1 24 66 25 15 26 47 27 18 28 61 29 69 30 44 31 60 32 17 33 81 34 66 35 51 36 23 37 85 38 65 39 58 40 42 41 26 42 29 43 62 44 52 45 98 46 72 47 45 48 72 49 100 
6 8 18 0 2 1 33 2 52 3 47 4 78 5 84 7 32 9 86 10 94 11 97 12 23 13 68 14 92 15 78 16 9 17 91 18 22 19 11 20 37 21 70 22 69 23 64 24 42 25 25 26 62 27 50 28 42 29 45 30 26 31 50 32 62 33 45 34 34 35 70 36 87 37 67 38 26 39 72 40 85 41 18 42 78 43 86 44 51 45 30 46 65 47 50 48 66 49 89 
7 8 33 0 26 1 74 2 51 3 16 4 82 5 32 6 73 9 84 10 5 11 77 12 56 13 12 14 87 15 99 16 51 17 12 18 47 19 48 20 37 21 60 22 92 23 63 24 47 25 16 26 59 27 71 28 42 29 87 30 31 31 34 32 3 33 85 34 100 35 74 36 6 37 89 38 96 39 71 40 45 41 27 42 96 43 38 44 20 45 86 46 10 47 33 48 7 49 4 
8 0 2 1 47 2 50 3 28 4 46 5 37 6 36 7 86 9 28 10 57 11 66 12 72 13 29 14 71 15 7 16 55 17 79 18 49 19 47 20 44 21 81 22 45 23 83 24 5 25 67 26 56 27 31 28 4 29 10 30 44 31 20 32 96 33 29 34 79 35 17 36 12 37 45 38 20 39 41 40 97 41 87 42 41 43 89 44 92 45 84 46 43 47 40 48 6 49 70 
9 0 45 1 71 2 65 3 88 4 63 5 6 6 68 7 10 8 67 10 56 11 69 12 90 13 19 14 61 15 11 16 37 17 43 18 22 19 41 20 61 21 79 22 63 23 28 24 98 25 57 26 13 27 2 28 84 29 71 30 88 31 3 32 7 33 77 34 20 35 99 36 11 37 21 38 10 39 52 40 98 41 8 42 83 43 38 44 40 45 88 46 88 47 6 48 24 49 24 
10 0 91 1 87 2 20 3 91 4 40 5 13 6 70 7 85 8 44 9 93 11 30 12 76 13 4 14 58 15 60 16 73 17 85 18 8 19 86 20 88 21 50 22 17 23 92 24 91 25 68 26 93 27 47 28 45 29 12 30 88 31 34 32 48 33 87 34 12 35 23 36 60 37 9 38 16 39 59 40 35 41 10 42 95 43 2 44 75 45 7 46 86 47 74 48 52 49 98 
11 0 2 1 70 2 6 3 3 4 88 5 11 6 74 7 35 8 61 9 15 10 41 12 75 13 33 14 27 15 24 16 98 17 75 18 17 19 33 20 19 21 69 22 53 23 71 24 3 25 79 26 41 27 79 28 99 29 94 30 65 31 44 32 9 33 96 34 49 35 92 36 10 37 23 38 19 39 47 40 93 41 48 42 20 43 34 44 71 45 58 46 17 47 22 48 94 49 32 
12 0 45 1 76 2 19 3 64 4 36 5 2 6 89 7 35 8 38 9 16 10 1 11 66 13 42 14 62 15 95 16 38 17 49 18 7 19 67 20 25 21 49 22 50 23 20 24 48 25 79 26 49 27 49 28 20 29 7 30 5 31 99 32 53 33 76 34 85 35 6 36 18 37 13 38 55 39 75 40 53 41 45 42 58 43 64 44 16 45 63 46 90 47 31 48 91 49 67 
13 0 71 1 88 2 16 3 12 4 65 5 43 6 16 7 13 8 96 9 10 10 50 11 42 12 15 14 19 15 21 16 56 17 63 18 62 19 6 20 45 21 38 22 37 23 41 24 24 25 24 26 35 27 63 28 49 29 66 30 48 31 53 32 42 33 36 34 53 35 46 36 86 37 59 38 62 39 59 40 86 41 31 42 73 43 63 44 62 45 86 46 19 47 37 48 66 49 82 
14 0 77 1 70 2 33 3 82 4 3 5 91 6 26 7 42 8 30 9 93 10 46 11 54 12 38 13 94 15 1 16 63 17 64 18 59 19 8 20 14 21 95 22 50 23 43 24 51 25 59 26 55 27 74 28 4 29 35 30 9 31 19 32 69 33 31 34 88 35 64 36 50 37 94 38 93 39 33 40 56 41 63 42 74 43 20 44 66 45 40 46 15 47 85 48 27 49 32 
15 0 52 1 85 2 27 3 48 4 53 5 37 6 91 7 71 8 50 9 41 10 26 11 45 12 62 13 89 14 47 16 12 17 61 18 19 19 37 20 54 21 64 22 83 23 91 24 69 25 51 26 23 27 99 28 67 29 24 30 62 31 60 32 49 33 69 34 32 35 28 36 82 37 39 38 80 39 86 40 99 41 70 42 51 43 40 44 99 45 57 46 75 47 7 48 98 49 6 
16 0 25 1 51 2 86 3 32 4 99 5 33 6 62 7 60 8 20 9 67 10 73 11 95 12 76 13 48 14 91 15 5 17 96 18 35 19 77 20 94 21 38 22 17 23 72 24 83 25 55 26 56 27 93 28 90 29 83 30 90 31 28 32 21 33 61 34 13 35 33 36 37 37 16 38 44 39 61 40 75 41 5 42 28 43 99 44 52 45 42 46 3 47 77 48 71 49 35 
17 0 71 1 20 2 49 3 53 4 52 5 19 6 43 7 62 8 63 9 28 10 62 11 69 12 40 13 37 14 35 15 94 16 93 18 24 19 2 20 67 21 51 22 71 23 4 24 27 25 91 26 23 27 64 28 43 29 62 30 58 31 39 32 15 33 86 34 59 35 57 36 43 37 33 38 84 39 92 40 6 41 43 42 4 43 78 44 85 45 43 46 72 47 24 48 49 49 4 
18 0 100 1 96 2 42 3 15 4 98 5 38 6 99 7 64 8 22 9 62 10 51 11 1 12 44 13 87 14 69 15 20 16 20 17 91 19 9 20 96 21 89 22 51 23 13 24 45 25 17 26 12 27 58 28 37 29 81 30 80 31 3 32 7 33 36 34 33 35 65 36 11 37 73 38 27 39 6 40 86 41 90 42 1 43 29 44 66 45 8 46 9 47 99 48 27 49 24 
19 0 12 1 11 2 23 3 55 4 66 5 52 6 69 7 90 8 93 9 53 10 85 11 53 12 92 13 25 14 19 15 63 16 18 17 52 18 4 20 83 21 55 22 68 23 5 24 6 25 61 26 29 27 66 28 21 29 88 30 77 31 9 32 42 33 64 34 80 35 80 36 18 37 17 38 58 39 63 40 93 41 51 42 11 43 77 44 3 45 98 46 50 47 22 48 95 49 43 
20 0 85 1 8 2 93 3 6 4 65 5 13 6 86 7 42 8 65 9 85 10 83 11 89 12 99 13 81 14 29 15 14 16 36 17 69 18 2 19 9 21 11 22 17 23 74 24 74 25 13 26 28 27 38 28 48 29 59 30 47 31 88 32 9 33 38 34 57 35 48 36 99 37 100 38 1 39 10 40 64 41 51 42 49 43 34 44 78 45 13 46 100 47 69 48 89 49 89 
21 0 51 1 59 2 24 3 97 4 78 5 76 6 73 7 61 8 89 9 74 10 41 11 53 12 27 13 30 14 7 15 79 16 40 17 87 18 51 19 69 20 48 22 52 23 53 24 53 25 77 26 43 27 25 28 27 29 62 30 33 31 15 32 28 33 33 34 36 35 31 36 7 37 92 38 1 39 75 40 16 41 78 42 79 43 11 44 35 45 88 46 21 47 41 48 14 49 52 
22 0 21 1 54 2 5 3 9 4 67 5 58 6 7 7 72 8 51 9 1 10 5 11 71 12 46 13 100 14 89 15 61 16 86 17 83 18 44 19 16 20 29 21 94 23 75 24 11 25 12 26 47 27 94 28 5 29 63 30 14 31 58 32 68 33 3 34 95 35 33 36 39 37 20 38 18 39 77 40 61 41 43 42 25 43 18 44 44 45 100 46 25 47 45 48 53 49 79 
23 0 70 1 48 2 9 3 79 4 52 5 27 6 74 7 32 8 15 9 7 10 4 11 53 12 52 13 30 14 23 15 1 16 42 17 25 18 5 19 66 20 22 21 2 22 72 24 93 25 8 26 38 27 83 28 64 29 47 30 14 31 98 32 14 33 79 34 67 35 13 36 100 37 23 38 37 39 13 40 3 41 17 42 42 43 95 44 79 45 34 46 89 47 31 48 41 49 41 
24 0 86 1 99 2 47 3 49 4 72 5 75 6 65 7 10 8 69 9 70 10 34 11 74 12 84 13 4 14 1 15 48 16 30 17 69 18 46 19 3 20 1 21 26 22 53 23 90 25 55 26 54 27 91 28 7 29 54 30 89 31 88 32 20 33 22 34 20 35 93 36 32 37 24 38 7 39 65 40 76 41 99 42 65 43 29 44 40 45 92 46 61 47 53 48 48 49 95 
25 0 45 1 29 2 82 3 1 4 88 5 67 6 7 7 27 8 53 9 45 10 42 11 41 12 56 13 35 14 41 15 54 16 40 17 13 18 57 19 78 20 22 21 41 22 79 23 52 24 11 26 86 27 66 28 10 29 19 30 1 31 94 32 30 33 47 34 46 35 38 36 43 37 28 38 39 39 68 40 55 41 100 42 37 43 37 44 60 45 36 46 70 47 39 48 49 49 38 
26 0 24 1 67 2 100 3 91 4 25 5 34 6 74 7 57 8 61 9 9 10 5 11 57 12 33 13 94 14 6 15 22 16 47 17 13 18 73 19 45 20 21 21 18 22 48 23 77 24 21 25 34 27 92 28 47 29 70 30 45 31 12 32 91 33 34 34 85 35 27 36 43 37 65 38 45 39 38 40 61 41 77 42 74 43 32 44 66 45 99 46 24 47 5 48 24 49 31 
27 0 58 1 79 2 50 3 48 4 74 5 35 6 27 7 20 8 76 9 12 10 96 11 60 12 44 13 57 14 40 15 13 16 39 17 55 18 38 19 90 20 7 21 63 22 38 23 18 24 2 25 55 26 15 28 90 29 28 30 85 31 89 32 87 33 64 34 18 35 70 36 63 37 64 38 98 39 8 40 12 41 87 42 86 43 32 44 73 45 31 46 55 47 86 48 76 49 69 
28 0 21 1 45 2 56 3 53 4 68 5 48 6 28 7 69 8 80 9 66 10 8 11 13 12 84 13 93 14 51 15 95 16 45 17 4 18 44 19 88 20 24 21 29 22 86 23 95 24 100 25 54 26 45 27 85 29 17 30 12 31 33 32 16 33 3 34 34 35 34 36 64 37 26 38 17 39 17 40 20 41 29 42 56 43 42 44 13 45 56 46 51 47 82 48 37 49 65 
29 0 73 1 37 2 88 3 5 4 21 5 28 6 45 7 47 8 33 9 53 10 25 11 39 12 8 13 94 14 33 15 42 16 51 17 62 18 27 19 32 20 96 21 55 22 20 23 35 24 93 25 58 26 88 27 61 28 13 30 35 31 54 32 70 33 97 34 100 35 49 36 71 37 39 38 32 39 11 40 95 41 80 42 21 43 27 44 36 45 13 46 10 47 31 48 92 49 51 
30 0 70 1 97 2 37 3 81 4 5 5 98 6 64 7 86 8 67 9 70 10 29 11 61 12 19 13 62 14 93 15 7 16 81 17 39 18 89 19 82 20 79 21 6 22 17 23 90 24 76 25 10 26 81 27 18 28 57 29 89 31 28 32 100 33 72 34 90 35 18 36 72 37 71 38 55 39 50 40 84 41 8 42 94 43 37 44 22 45 35 46 91 47 37 48 93 49 97 
31 0 18 1 43 2 41 3 79 4 54 5 38 6 44 7 38 8 61 9 54 10 28 11 44 12 5 13 46 14 58 15 38 16 17 17 76 18 6 19 28 20 3 21 66 22 1 23 17 24 32 25 47 26 51 27 48 28 37 29 26 30 31 32 22 33 85 34 42 35 92 36 77 37 79 38 16 39 100 40 68 41 81 42 23 43 15 44 58 45 2 46 88 47 89 48 28 49 83 
32 0 21 1 59 2 81 3 32 4 35 5 82 6 18 7 28 8 68 9 71 10 19 11 79 12 90 13 60 14 93 15 87 16 85 17 64 18 26 19 88 20 53 21 76 22 72 23 98 24 79 25 23 26 41 27 92 28 9 29 12 30 48 31 58 33 79 34 67 35 6 36 58 37 17 38 14 39 14 40 42 41 47 42 46 43 13 44 35 45 45 46 84 47 10 48 95 49 95 
33 0 75 1 34 2 1 3 25 4 82 5 87 6 69 7 83 8 24 9 73 10 71 11 75 12 72 13 44 14 34 15 6 16 13 17 50 18 30 19 16 20 95 21 97 22 76 23 53 24 82 25 14 26 78 27 63 28 34 29 75 30 75 31 21 32 67 34 61 35 73 36 89 37 14 38 7 39 39 40 22 41 70 42 79 43 28 44 95 45 70 46 53 47 9 48 61 49 76 
34 0 48 1 61 2 58 3 4 4 93 5 8 6 50 7 80 8 72 9 99 10 61 11 61 12 28 13 6 14 46 15 1 16 67 17 68 18 15 19 55 20 81 21 64 22 17 23 73 24 15 25 80 26 80 27 44 28 7 29 41 30 16 31 24 32 41 33 60 35 63 36 82 37 29 38 89 39 1 40 54 41 6 42 2 43 100 44 5 45 51 46 98 47 36 48 24 49 61 
35 0 86 1 36 2 7 3 75 4 2 5 5 6 23 7 10 8 13 9 60 10 76 11 10 12 94 13 69 14 77 15 45 16 76 17 20 18 77 19 1 20 59 21 90 22 12 23 62 24 2 25 76 26 38 27 62 28 26 29 28 30 66 31 12 32 48 33 32 34 38 36 77 37 88 38 8 39 98 40 7 41 18 42 87 43 16 44 4 45 55 46 19 47 44 48 48 49 11 
36 0 10 1 83 2 65 3 69 4 54 5 24 6 84 7 12 8 57 9 93 10 22 11 48 12 15 13 43 14 14 15 26 16 6 17 90 18 16 19 43 20 49 21 14 22 98 23 63 24 56 25 44 26 20 27 55 28 37 29 89 30 71 31 19 32 79 33 98 34 3 35 25 37 78 38 83 39 59 40 3 41 90 42 11 43 74 44 93 45 53 46 3 47 81 48 52 49 56 
37 0 73 1 52 2 83 3 7 4 52 5 89 6 46 7 88 8 68 9 11 10 52 11 11 12 22 13 70 14 17 15 63 16 47 17 2 18 54 19 12 20 86 21 1 22 36 23 90 24 86 25 91 26 74 27 60 28 32 29 34 30 79 31 15 32 52 33 24 34 23 35 99 36 95 38 6 39 29 40 86 41 100 42 51 43 32 44 31 45 85 46 63 47 77 48 10 49 82 
38 0 16 1 72 2 80 3 52 4 75 5 90 6 54 7 54 8 96 9 88 10 83 11 83 12 11 13 49 14 72 15 71 16 47 17 8 18 22 19 86 20 36 21 94 22 1 23 27 24 61 25 57 26 34 27 46 28 76 29 34 30 74 31 49 32 50 33 35 34 89 35 24 36 93 37 49 39 6 40 26 41 74 42 1 43 56 44 5 45 66 46 99 47 75 48 25 49 67 
39 0 91 1 45 2 80 3 98 4 34 5 100 6 70 7 15 8 74 9 64 10 94 11 78 12 54 13 77 14 3 15 81 16 9 17 7 18 73 19 75 20 56 21 3 22 15 23 15 24 89 25 42 26 49 27 65 28 63 29 1 30 40 31 71 32 77 33 7 34 39 35 97 36 90 37 16 38 60 40 65 41 68 42 59 43 53 44 3 45 29 46 23 47 61 48 98 49 84 
40 0 23 1 22 2 89 3 85 4 58 5 49 6 8 7 5 8 96 9 13 10 71 11 6 12 54 13 51 14 16 15 85 16 79 17 43 18 86 19 69 20 38 21 64 22 10 23 99 24 23 25 28 26 29 27 58 28 91 29 59 30 32 31 73 32 60 33 63 34 79 35 78 36 67 37 21 38 24 39 36 41 50 42 100 43 52 44 10 45 63 46 94 47 71 48 35 49 52 
41 0 82 1 33 2 36 3 91 4 80 5 31 6 80 7 7 8 84 9 23 10 40 11 50 12 42 13 49 14 67 15 44 16 5 17 6 18 88 19 63 20 62 21 5 22 11 23 49 24 81 25 56 26 40 27 84 28 11 29 8 30 38 31 8 32 25 33 43 34 67 35 38 36 67 37 98 38 70 39 65 40 89 42 30 43 28 44 35 45 91 46 50 47 59 48 71 49 77 
42 0 100 1 70 2 91 3 72 4 12 5 78 6 90 7 99 8 70 9 38 10 67 11 63 12 49 13 38 14 48 15 2 16 6 17 91 18 77 19 9 20 100 21 1 22 83 23 47 24 41 25 3 26 99 27 17 28 89 29 63 30 93 31 73 32 32 33 2 34 24 35 96 36 3 37 80 38 61 39 35 40 9 41 2 43 48 44 91 45 68 46 78 47 31 48 15 49 21 
43 0 93 1 82 2 81 3 26 4 63 5 44 6 11 7 91 8 45 9 71 10 93 11 31 12 86 13 9 14 89 15 73 16 64 17 6 18 85 19 33 20 46 21 97 22 62 23 4 24 64 25 54 26 1 27 44 28 26 29 73 30 56 31 57 32 5 33 12 34 47 35 42 36 51 37 14 38 31 39 49 40 96 41 31 42 82 44 52 45 19 46 45 47 34 48 88 49 48 
44 0 11 1 41 2 87 3 75 4 83 5 19 6 47 7 22 8 98 9 74 10 18 11 95 12 95 13 47 14 23 15 98 16 88 17 29 18 25 19 32 20 99 21 89 22 40 23 87 24 88 25 55 26 1 27 86 28 20 29 94 30 16 31 68 32 81 33 65 34 57 35 34 36 14 37 30 38 68 39 59 40 51 41 74 42 86 43 6 45 38 46 27 47 93 48 1 49 55 
45 0 60 1 44 2 6 3 24 4 97 5 33 6 91 7 38 8 91 9 59 10 14 11 100 12 38 13 82 14 89 15 31 16 19 17 28 18 25 19 33 20 16 21 56 22 67 23 19 24 47 25 49 26 75 27 92 28 62 29 73 30 74 31 16 32 48 33 45 34 21 35 39 36 71 37 13 38 94 39 49 40 69 41 90 42 43 43 24 44 83 46 67 47 98 48 32 49 76 
46 0 43 1 72 2 80 3 60 4 20 5 55 6 85 7 38 8 27 9 36 10 67 11 61 12 11 13 26 14 14 15 6 16 43 17 100 18 56 19 41 20 50 21 27 22 60 23 19 24 71 25 90 26 40 27 20 28 4 29 41 30 73 31 95 32 7 33 88 34 94 35 79 36 30 37 51 38 68 39 64 40 59 41 70 42 41 43 25 44 94 45 65 47 78 48 15 49 53 
47 0 41 1 7 2 56 3 35 4 80 5 83 6 41 7 28 8 98 9 37 10 82 11 15 12 78 13 79 14 26 15 72 16 11 17 85 18 74 19 9 20 21 21 9 22 1 23 59 24 64 25 6 26 2 27 63 28 28 29 1 30 76 31 9 32 24 33 62 34 75 35 33 36 4 37 54 38 7 39 32 40 72 41 91 42 41 43 8 44 89 45 51 46 3 48 70 49 95 
48 0 37 1 77 2 77 3 3 4 3 5 42 6 11 7 8 8 64 9 88 10 94 11 83 12 97 13 37 14 83 15 13 16 42 17 46 18 54 19 93 20 7 21 98 22 1 23 74 24 87 25 31 26 50 27 9 28 60 29 50 30 37 31 17 32 46 33 70 34 82 35 79 36 8 37 10 38 65 39 80 40 10 41 7 42 87 43 2 44 67 45 100 46 17 47 44 49 67 
49 0 64 1 56 2 35 3 68 4 1 5 43 6 68 7 36 8 92 9 20 10 27 11 3 12 33 13 57 14 91 15 25 16 90 17 73 18 60 19 48 20 61 21 32 22 8 23 73 24 55 25 33 26 10 27 27 28 46 29 5 30 77 31 90 32 85 33 88 34 67 35 28 36 29 37 66 38 17 39 22 40 10 41 27 42 8 43 31 44 30 45 13 46 38 47 7 48 37 
