1 1
 0 9 60 22 30 40 63 32 18 11 64 19 60 47 52 45 1 7 26 5 12 15 46 14 22 48 28 17 10 37 61 36 93 30 91 38 38 34 78 29 74 31 9 2 7 18 27 39 91 6 99 35 94 25 48 20 36 8 97 21 44 3 96 44 73 10 17 46 13 13 31 1 53 23 85 4 23 43 74 33 91 16 61 28 70 24 16 26 83 42 45 27 37 41 81 49 94 12 85
 1 21 22 29 42 3 76 19 54 38 71 49 59 47 12 23 71 8 95 16 8 15 84 45 29 46 92 20 3 6 68 30 54 12 58 0 30 48 7 32 23 37 71 33 26 7 27 34 74 28 29 41 58 24 96 22 26 36 9 4 34 31 64 35 80 44 20 17 90 10 49 39 99 5 91 13 60 18 14 27 83 43 80 11 29 42 72 25 53 26 10 40 48 14 75
 2 35 58 27 22 34 98 10 96 46 23 6 2 9 55 31 90 16 99 19 26 36 80 45 41 37 37 7 77 48 75 29 20 33 36 17 78 22 86 3 74 24 57 4 12 23 43 30 24 41 27 11 94 20 69 5 68 21 21 13 40 39 12 44 39 14 99 15 34 32 87 38 62 0 50 18 86 49 60 42 99 12 50 26 54 28 84 1 4 43 84 47 6 25 60
 3 7 46 16 75 40 96 41 62 9 64 25 74 45 95 4 83 35 55 19 35 0 62 36 37 27 10 32 37 23 79 44 99 43 1 37 33 6 19 47 30 10 21 28 77 8 82 14 47 20 49 22 99 38 54 13 29 2 99 30 34 48 100 17 4 29 51 5 29 42 48 12 35 49 75 33 17 15 80 21 28 1 82 26 32 24 71 46 75 34 53 31 96 18 45 11 14
 4 16 65 10 54 42 75 47 62 19 47 11 88 14 33 44 55 24 58 46 44 38 85 33 67 6 91 39 59 28 51 21 49 7 40 30 28 23 43 26 23 1 86 17 13 13 37 48 68 41 88 0 47 37 91 40 6 2 63 45 83 5 28 15 86 29 21 35 22 12 78 34 96 31 31 49 64 27 21 9 63 32 16 25 98 43 71 3 76 36 56 22 60 20 98 8 63
 5 44 72 4 52 30 100 21 34 32 15 0 12 40 79 26 27 49 76 7 75 12 64 27 48 43 7 45 51 29 39 23 59 39 17 1 20 35 50 13 7 15 98 28 65 33 58 3 24 37 98 16 26 18 93 2 95 22 3 19 9 48 76 25 29 14 23 47 77 9 57 31 77 20 44 41 85 24 17 36 42 38 82 42 15 6 85 10 17 34 53 8 88 11 35 46 9
 6 32 44 17 34 41 83 39 55 7 45 4 100 21 41 5 45 34 91 48 50 0 65 15 54 11 71 40 42 12 34 25 10 44 75 35 74 24 43 20 26 26 49 22 100 16 70 47 77 42 88 1 65 2 22 13 45 18 100 9 43 31 55 37 19 19 80 30 1 45 43 49 49 27 20 28 44 33 87 29 63 46 65 36 90 3 71 8 76 23 30 10 85 14 11 38 56
 7 9 21 49 100 21 96 36 85 48 25 16 88 43 70 3 76 39 96 40 55 41 67 17 86 13 36 26 68 5 1 6 6 18 14 8 33 15 54 32 95 33 53 23 8 0 83 20 95 4 100 29 97 42 45 47 47 35 77 28 60 44 31 24 64 31 25 30 29 37 64 19 39 2 88 22 70 27 11 25 33 46 93 34 15 38 18 14 51 1 15 11 29 12 10
 8 7 21 31 50 23 46 41 58 24 62 12 25 43 22 29 62 26 61 22 70 10 3 2 15 3 77 40 54 38 85 19 87 20 31 16 7 37 4 45 99 21 67 30 32 34 67 25 16 47 100 49 13 1 24 4 21 42 78 0 92 44 79 13 89 46 86 27 76 39 11 33 60 5 61 18 53 32 73 14 15 36 75 9 99 48 40 35 77 6 81 15 6 11 75 28 82 17 81
 9 32 11 14 85 17 26 27 79 3 67 36 77 12 31 23 8 48 19 34 29 49 24 13 74 30 3 43 50 4 97 26 94 19 17 11 70 8 99 1 6 37 68 5 46 0 80 22 57 28 33 40 38 18 74 25 8 39 99 29 64 42 65 15 2 6 29 38 61 46 74 16 70 47 82 2 2 10 91 7 3 24 74 44 14 20 70 45 75 41 76 31 62
 10 38 37 46 77 28 55 36 35 37 28 5 14 31 21 23 70 11 10 30 45 45 79 27 16 15 22 35 89 43 3 33 24 3 91 6 62 42 91 8 57 29 62 22 52 32 46 14 85 21 43 0 92 7 62 18 4 34 66 2 5 20 17 4 32 44 3 48 49 47 4 1 23 49 28 25 66 9 79 24 37 41 19 26 85 39 25 13 77 12 99 16 79 40 51
 11 3 9 35 62 37 17 6 75 4 23 28 8 44 16 17 11 38 63 47 88 30 5 2 98 8 27 41 93 13 36 34 18 5 75 7 57 25 48 0 98 21 95 29 97 9 55 16 70 42 11 14 65 45 15 12 93 15 78 49 27 18 63 32 19 43 90 10 26 22 74 36 81 24 33 27 69 26 53 40 60 48 31 46 28 20 60 1 53 39 51 23 20 31 89 33 30 19 20
 12 44 45 4 84 24 71 0 29 5 23 15 33 22 37 9 29 16 9 6 37 40 39 20 60 21 66 43 66 26 19 42 44 23 30 48 80 2 7 17 53 33 93 8 95 31 66 45 86 29 9 34 29 3 81 27 28 49 27 41 96 11 62 14 96 1 40 18 50 47 59 28 99 32 29 25 79 10 60 37 33 38 41 7 77 46 83 13 65 35 69 19 47 30 68 36 53
 13 6 54 30 14 10 87 8 5 24 9 0 93 16 55 3 100 42 82 40 40 37 36 19 4 12 51 26 82 43 88 14 42 48 93 35 62 39 45 22 78 20 40 29 63 41 55 45 59 11 13 32 44 9 84 4 71 46 68 38 62 5 35 17 49 34 18 28 69 21 43 2 60 47 76 33 76 44 48 27 78 36 22 7 17 49 99 25 63 31 20 1 8 23 43 15 49
 14 12 58 1 63 25 53 35 13 34 99 13 52 6 32 8 91 33 48 49 58 39 65 36 33 41 16 24 32 28 100 40 17 16 59 2 24 26 78 21 57 47 4 3 64 10 62 0 21 46 93 45 51 31 48 42 65 4 59 29 36 17 7 15 96 32 32 19 27 5 21 11 50 23 76 18 31 48 80 20 38 7 66 43 84 22 21 30 48 9 88 37 30 44 13 38 82
 15 29 67 43 42 11 39 22 95 46 53 17 57 26 82 23 28 45 26 19 67 14 59 35 6 39 43 42 41 37 79 20 57 2 29 33 96 25 12 21 78 40 15 47 56 31 70 1 50 16 87 9 65 49 76 48 29 13 64 27 80 10 53 34 100 44 24 30 88 32 55 6 68 0 74 5 75 38 48 3 54 18 99 41 51 8 70 28 45 7 97 4 1 24 13 36 29 12 35
 16 23 100 47 35 36 86 40 13 41 93 9 29 27 9 22 51 28 78 0 29 34 99 17 79 13 30 7 14 15 83 10 53 30 51 12 32 25 20 45 94 3 66 6 67 42 24 8 74 43 9 38 98 24 54 39 4 4 97 32 47 26 86 49 34 18 62 21 37 29 95 2 19 1 96 37 43 5 23 33 35 19 23 11 97 31 34 44 41 14 2 48 7
 17 28 74 49 89 1 32 33 14 48 34 16 99 19 79 18 76 37 27 27 69 15 89 32 37 2 71 10 3 21 69 3 80 6 22 46 8 7 81 30 59 4 67 47 98 11 18 13 1 20 66 29 46 35 12 31 26 42 27 25 27 45 3 22 33 38 14 0 8 40 14 44 90 41 54 39 95 43 17 14 73 36 32 34 36 12 86 9 55 23 60 5 73 24 20 26 56
 18 22 29 26 52 35 1 28 8 1 32 7 57 39 84 40 95 2 18 14 85 30 7 37 97 48 70 11 17 46 43 34 100 42 85 33 71 49 46 25 51 47 62 5 20 31 5 41 91 9 23 6 92 10 90 32 78 19 42 44 1 12 64 43 52 20 19 29 85 45 25 13 11 17 92 23 70 27 8 3 23 21 67 8 75 36 85 0 98 24 33 4 63 16 75 15 35
 19 35 73 22 3 23 65 47 81 31 72 41 15 48 64 36 14 4 14 14 66 38 30 15 28 49 79 40 81 34 49 39 19 16 58 46 44 42 51 13 54 10 79 45 98 5 55 27 26 12 8 6 75 21 36 9 88 11 94 18 50 2 69 33 48 17 31 30 5 8 7 7 52 25 80 28 11 26 97 0 72 3 14 1 23 44 75 29 78 24 14 32 74 37 27 20 11
 20 34 57 9 28 49 27 0 85 24 1 11 68 19 17 5 26 45 82 10 36 40 17 46 47 30 82 22 5 3 72 28 12 32 50 17 81 35 83 23 60 38 53 27 93 21 59 16 1 13 85 39 36 29 30 12 5 33 87 1 79 36 77 41 64 4 81 44 88 48 46 37 88 7 91 42 17 8 53 15 3 14 86 43 34 31 82 25 8 6 72 18 17 47 83 2 51 26 41
 21 5 58 18 60 42 81 2 34 38 63 4 50 47 31 43 37 28 58 33 33 6 74 31 56 22 98 48 59 39 87 13 41 3 22 44 68 46 93 15 95 8 39 29 18 12 60 26 36 32 58 11 83 27 65 34 69 36 85 7 64 30 89 37 69 45 90 25 49 49 80 19 88 20 44 16 40 24 8 9 39 40 45 14 2 41 68 1 56 0 63 35 91 10 59 23 15
 22 9 15 45 48 37 29 7 8 35 78 6 70 0 77 40 12 1 4 30 76 25 76 2 10 43 24 26 20 46 53 11 75 39 97 23 29 17 99 24 59 21 93 42 34 48 47 29 85 33 10 34 22 38 79 16 53 10 56 32 96 13 45 47 6 27 94 8 64 18 2 31 98 15 8 5 48 41 41 12 79 14 67 4 92 3 4 49 88 36 76 19 95 20 30 44 20
 23 6 40 20 85 47 56 40 34 32 94 48 81 10 93 41 81 24 5 8 100 13 71 38 99 45 15 1 92 2 77 15 61 4 81 9 42 36 55 28 24 17 11 27 70 11 85 12 10 44 47 30 98 29 43 49 41 21 55 35 48 31 59 22 31 26 71 16 76 18 90 7 47 19 65 37 21 39 72 25 75 43 80 5 29 46 35 42 19 3 22 34 42 0 42 14 71 33 73
 24 15 97 38 39 11 66 19 63 4 88 0 87 32 87 17 96 42 92 7 85 6 95 28 9 21 71 27 1 37 22 48 100 46 51 1 4 14 98 41 12 2 61 22 29 13 31 39 78 3 89 35 92 9 77 49 12 10 2 29 95 23 39 18 43 25 24 44 37 30 58 34 11 16 73 31 54 33 10 12 27 8 84 20 89 43 83 45 83 36 11 5 22 40 81 47 41 26 49
 25 9 4 1 74 6 92 5 24 34 13 20 96 16 67 32 55 24 82 38 63 26 86 39 74 27 100 4 4 2 67 12 47 43 84 42 2 23 4 14 73 13 97 40 46 49 30 11 48 45 86 8 22 37 87 21 24 29 13 36 100 33 49 31 67 3 2 41 7 30 96 17 94 28 68 48 48 10 34 0 100 18 40 22 63 35 62 46 67 19 61 15 8 7 93 47 84 44 78
 26 31 46 48 47 4 80 28 12 30 18 2 7 34 43 3 82 23 79 36 52 16 32 18 25 22 87 6 49 13 49 33 4 14 98 42 96 17 35 47 97 49 98 5 37 41 60 38 93 44 86 24 5 8 9 7 31 12 68 40 61 29 71 20 30 21 83 35 56 9 84 25 10 46 5 45 70 37 94 43 26 0 85 39 83 1 89 19 1 27 60 11 65 32 36 15 69
 27 8 65 0 50 41 29 31 80 39 53 11 1 3 42 6 48 23 1 9 44 22 34 10 30 25 1 12 88 36 59 49 72 7 32 14 96 47 16 17 76 46 4 5 27 33 92 15 2 21 52 30 41 45 58 32 50 26 31 16 55 43 56 37 52 20 20 44 70 2 16 1 9 48 31 18 14 35 35 28 10 42 84 34 78 40 74 38 26 4 48 19 29 24 78 13 77 29 16
 28 34 95 47 22 23 83 31 57 14 52 25 42 43 97 0 64 9 85 3 92 21 68 6 81 5 44 32 61 22 15 29 32 2 95 42 12 11 29 30 49 35 64 4 85 17 93 15 89 24 48 38 49 10 26 20 9 16 18 27 46 44 45 33 67 48 73 49 80 18 67 13 89 40 22 1 89 39 33 7 2 12 35 45 8 46 72 8 83 26 29 36 93 41 39 19 100
 29 21 12 37 54 5 15 34 54 42 12 44 99 28 80 6 87 47 78 9 93 25 13 31 41 32 16 17 16 15 23 49 87 30 28 11 34 14 96 45 51 40 34 10 27 24 63 12 33 35 11 22 64 18 17 36 22 48 29 19 93 7 25 39 31 27 81 38 93 0 6 26 67 16 41 13 19 8 44 43 8 46 23 33 49 1 4 3 14 23 19 2 59 4 29 41 47
 30 41 82 46 53 6 94 22 76 11 64 37 81 24 43 7 56 20 57 29 26 14 24 9 2 0 58 47 81 48 43 39 89 26 94 44 53 35 39 1 28 12 16 43 39 21 85 45 16 3 70 10 83 49 5 33 70 5 43 28 70 25 50 2 46 13 26 16 16 32 6 4 63 19 73 27 60 23 91 15 72 36 74 17 82 42 85 8 20 18 36 34 94 31 46 38 42
 31 20 19 28 30 24 80 48 36 7 65 37 52 27 16 30 30 14 52 10 9 2 31 43 57 45 85 33 66 44 25 49 68 42 3 26 21 21 34 35 41 46 95 23 69 15 67 3 4 19 93 41 27 4 21 47 39 11 79 12 3 8 95 13 35 5 61 25 39 16 27 17 23 29 11 34 67 18 15 39 57 40 77 6 17 9 79 22 81 32 48 0 86 1 87 36 84 38 14
 32 31 48 11 72 43 84 42 96 2 29 38 62 33 9 40 48 19 80 35 52 48 97 12 57 8 55 27 78 29 59 37 22 36 19 25 53 1 97 0 55 13 56 3 13 26 79 45 3 21 77 17 61 9 87 46 69 39 51 20 45 4 80 30 99 5 77 18 73 34 61 15 13 7 58 28 96 16 63 23 98 44 11 10 70 14 26 47 78 6 40 49 93 41 8 24 1 22 92
 33 13 26 37 94 29 42 14 9 22 35 18 27 8 90 47 80 43 13 45 39 15 29 24 75 31 30 1 49 2 86 21 7 41 48 48 28 38 89 0 51 40 53 28 9 27 100 9 80 44 81 23 68 39 48 25 10 3 51 36 83 30 4 16 68 20 42 49 22 6 85 4 94 46 32 26 42 34 13 11 88 5 4 35 91 42 100 32 12 10 14 17 81 12 52 19 37 7 69
 34 28 70 4 37 25 77 48 86 43 34 35 6 46 14 42 41 45 34 30 4 40 26 22 89 17 24 31 49 19 23 37 5 0 100 3 76 14 22 26 81 27 21 39 34 10 79 44 33 13 62 12 43 7 86 20 54 16 54 18 75 21 44 32 26 33 63 41 94 24 31 8 30 9 85 38 47 36 59 29 41 11 78 15 49 47 46 5 5 23 26 2 17 6 80 1 20 49 47
 35 6 89 46 100 36 45 20 74 33 60 32 95 40 14 26 33 17 78 41 73 39 98 30 30 12 52 23 45 11 31 15 12 37 7 27 98 29 20 38 42 3 24 45 39 9 32 18 98 5 79 31 43 42 59 34 63 22 26 44 88 43 79 8 38 19 12 16 57 28 13 21 27 24 92 4 19 47 18 0 76 49 48 48 78 1 64 25 62 7 75 10 9 13 34 2 87
 36 28 38 44 20 4 91 21 13 41 28 25 54 32 44 38 28 48 65 49 95 17 3 31 11 45 9 6 65 26 9 15 22 40 13 13 16 35 86 29 57 16 16 11 38 43 20 5 49 18 96 8 53 30 46 7 17 0 84 34 73 19 46 3 64 37 50 9 50 24 10 46 40 47 21 23 78 33 58 27 33 22 100 42 97 12 20 39 3 2 99 1 62 14 64
 37 45 66 8 87 16 59 35 61 43 18 23 30 42 9 25 80 22 99 20 89 2 67 15 70 11 63 44 65 5 36 49 87 48 48 26 62 39 62 3 61 12 32 40 30 9 58 0 57 28 60 14 90 19 23 17 71 10 27 1 38 7 68 36 6 4 43 33 13 18 57 34 24 27 35 29 11 24 90 47 63 31 3 30 66 41 57 32 40 13 39 6 54 46 73 38 38
 38 4 58 28 34 43 20 30 46 5 57 39 19 31 8 33 92 23 54 0 23 7 54 19 52 1 78 46 62 34 50 11 12 29 62 44 74 21 91 20 41 9 46 10 53 2 73 40 18 48 35 26 86 13 73 42 14 27 3 15 52 32 47 17 46 45 95 3 97 6 6 12 49 25 99 41 94 18 73 16 72 14 49 35 52 37 45 36 1 49 61 8 17 47 100 22 94
 39 18 24 46 41 14 42 20 47 19 39 3 94 21 100 31 75 35 27 6 5 47 11 2 38 5 21 13 20 45 24 10 89 24 78 43 42 30 26 48 95 33 67 41 23 12 52 8 43 23 33 49 16 27 32 9 44 42 2 28 56 7 2 1 22 37 64 29 27 25 51 38 54 4 84 26 63 22 31 32 93 40 85 36 76 16 38 15 81 17 18 11 45 44 5 34 47 0 93
 40 6 89 14 40 4 56 12 81 13 81 42 36 26 11 2 28 41 56 30 97 24 56 8 37 19 69 43 5 35 80 23 6 33 36 25 71 28 98 22 5 47 60 31 49 37 98 18 81 9 44 17 77 38 38 21 52 39 39 20 59 34 26 29 54 36 10 45 71 46 79 15 74 32 76 48 20 7 27 11 37 16 48 0 72 27 61 3 6 49 35 5 60 1 5
 41 40 50 0 18 24 18 16 33 44 17 29 64 30 32 47 34 18 21 17 100 48 16 7 45 27 46 43 54 12 62 34 60 6 21 28 39 38 98 1 7 11 31 33 97 21 93 20 72 36 71 31 32 4 5 19 67 15 25 37 20 49 3 45 95 32 11 9 15 10 64 14 88 42 91 22 32 5 36 2 87 35 85 23 57 13 40 3 53 26 88 39 72 46 33 25 90 8 14
 42 4 43 44 51 20 58 7 67 47 93 27 42 26 87 8 61 9 68 19 94 3 65 5 43 35 36 6 19 40 21 17 5 48 50 10 40 13 47 23 50 25 1 38 94 32 38 41 50 18 14 45 74 15 69 16 18 14 44 24 86 46 66 11 47 34 48 30 91 43 46 49 40 39 48 12 75 28 43 31 69 1 6 33 98 21 10 22 88 36 60 29 57
 43 17 95 9 55 6 26 20 19 44 49 21 10 27 10 11 64 13 60 47 10 16 65 45 73 31 95 42 87 34 70 14 59 19 24 12 69 15 45 37 80 2 19 33 31 40 77 35 96 18 11 46 76 49 62 1 79 30 86 0 19 24 27 29 19 32 72 38 60 28 43 22 46 39 90 10 81 5 25 26 2 41 30 23 21 25 14 48 76 4 76 3 21 8 17 7 55
 44 25 95 17 51 42 49 18 74 23 87 20 65 21 12 19 51 0 38 15 20 31 36 11 90 10 37 22 43 2 26 49 45 39 33 8 17 12 57 45 4 5 31 36 88 16 20 6 89 30 24 40 36 37 91 29 74 26 68 38 73 27 99 13 91 28 28 41 68 7 46 24 22 35 63 46 76 3 86 14 76 33 14 9 54 48 29 43 29 32 86 47 43
 45 2 7 10 36 22 8 5 62 9 94 1 74 49 61 32 93 6 70 48 8 4 91 11 1 17 42 24 95 28 9 35 5 23 66 13 92 42 90 34 62 41 70 27 99 30 78 31 38 46 63 40 56 29 85 33 91 36 55 39 19 26 15 19 13 47 73 44 27 38 1 14 93 16 20 8 73 3 60 18 42 43 52 0 35 37 13 20 59 12 19 25 45 7 87 15 24
 46 23 2 7 1 31 93 24 95 29 4 20 94 26 10 43 23 37 89 15 89 9 87 41 65 8 12 47 39 38 20 21 21 45 34 12 29 33 7 40 4 34 96 1 68 36 18 5 70 6 15 0 9 4 30 49 60 32 13 28 76 16 64 17 92 3 1 42 56 48 62 11 14 2 13 44 38 18 83 27 18 25 31 30 43 22 94 10 16 13 87 19 85 14 51 39 46
 47 39 64 33 36 41 82 35 91 20 69 36 74 24 36 26 66 6 1 7 42 40 31 49 21 44 60 46 74 5 93 10 81 16 97 45 95 17 37 21 54 3 55 48 17 0 85 15 5 28 71 32 75 23 26 30 74 34 19 38 87 13 55 14 38 27 51 2 54 18 83 43 79 12 32 11 23 1 8 19 81 31 60 9 32 22 26 8 2 42 91 29 89 4 62
 48 3 79 19 35 30 6 14 68 20 33 24 91 16 67 45 57 26 75 7 69 22 42 13 81 0 33 18 65 2 77 42 11 9 3 27 99 25 87 23 68 33 34 34 21 41 48 32 93 8 50 28 81 47 51 43 48 5 35 17 90 12 25 1 4 40 69 6 95 35 62 36 42 37 29 44 19 39 84 15 9 38 3 10 83 11 30 49 50 46 14 31 49 4 33
 49 18 5 0 83 24 67 48 80 20 85 7 70 45 7 11 13 33 7 30 29 41 8 23 37 8 59 35 15 43 25 31 55 4 85 25 65 13 59 21 95 26 23 6 55 9 15 27 89 12 16 46 51 22 34 40 37 47 6 42 62 19 73 5 10 37 65 10 30 2 33 15 44 29 57 14 51 16 33 38 13 17 2 1 27 3 6 34 81 39 69 44 34 32 85 28 56 36 62
